0.149997	0.149997	0.149997	0.149997	0.149997	0.149997	0.149997	0.149997	0.149997	0.149997	0.149997	0.145005	0.140005	0.135005	0.130005	0.125005	0.120005	0.115005	0.110005	0.105005	0.100005	0.095005	0.090005	0.085005	0.080005	0.075005	0.070005	0.065005	0.060005	0.055005	0.050005	0.045005	0.040005	0.035005	0.030005	0.025005	0.020005	0.015005	0.010005	0.005005	5e-06	0	0	0	0	0	0	0	0	0	0	0	0	0	0	0	0	0	0	0	0	0	0	0	0	0	0	0	0	0	0	0	0	0	0	0	0	0	0	0	0	0	0	0	0	0	0	0	0	0	0	0	0	0	0	0	0	0	0	0	0
0.151532	0.151532	0.151532	0.151532	0.151532	0.151532	0.151532	0.151532	0.151532	0.151532	0.151532	0.146968	0.142036	0.137036	0.132036	0.127036	0.122036	0.117036	0.112036	0.107036	0.102036	0.097036	0.092036	0.087036	0.082036	0.077036	0.072036	0.067036	0.062036	0.057036	0.052036	0.047036	0.042036	0.037036	0.032036	0.027036	0.022036	0.017036	0.012036	0.007036	0.002036	0	0	0	0	0	0	0	0	0	0	0	0	0	0	0	0	0	0	0	0	0	0	0	0	0	0	0	0	0	0	0	0	0	0	0	0	0	0	0	0	0	0	0	0	0	0	0	0	0	0	0	0	0	0	0	0	0	0	0	0
0.153022	0.153022	0.153022	0.153022	0.153022	0.153022	0.153022	0.153022	0.153022	0.153022	0.153022	0.14892	0.14397	0.13902	0.13407	0.129085	0.124085	0.119085	0.114085	0.109085	0.104085	0.099085	0.094085	0.089085	0.084085	0.079085	0.074085	0.069085	0.064085	0.059085	0.054085	0.049085	0.044085	0.039085	0.034085	0.029085	0.024085	0.019085	0.014085	0.009085	0.004085	0	0	0	0	0	0	0	0	0	0	0	0	0	0	0	0	0	0	0	0	0	0	0	0	0	0	0	0	0	0	0	0	0	0	0	0	0	0	0	0	0	0	0	0	0	0	0	0	0	0	0	0	0	0	0	0	0	0	0	0
0.154673	0.154673	0.154673	0.154673	0.154673	0.154673	0.154673	0.154673	0.154673	0.154673	0.154673	0.150958	0.145958	0.140958	0.135958	0.130958	0.125958	0.120958	0.115958	0.110958	0.105958	0.100958	0.095958	0.090958	0.085958	0.080958	0.075958	0.070958	0.065958	0.060958	0.055958	0.050958	0.045958	0.040958	0.035958	0.030958	0.025958	0.020958	0.015958	0.010958	0.005958	0.000958	0	0	0	0	0	0	0	0	0	0	0	0	0	0	0	0	0	0	0	0	0	0	0	0	0	0	0	0	0	0	0	0	0	0	0	0	0	0	0	0	0	0	0	0	0	0	0	0	0	0	0	0	0	0	0	0	0	0	0
0.156258	0.156258	0.156258	0.156258	0.156258	0.156258	0.156258	0.156258	0.156258	0.156258	0.156258	0.153337	0.148349	0.143349	0.138349	0.133349	0.128349	0.123349	0.118349	0.113349	0.108349	0.103349	0.098349	0.093349	0.088349	0.083349	0.078349	0.073349	0.068349	0.063349	0.058349	0.053349	0.048349	0.043349	0.038349	0.033349	0.028349	0.023349	0.018349	0.013349	0.008349	0.003349	0	0	0	0	0	0	0	0	0	0	0	0	0	0	0	0	0	0	0	0	0	0	0	0	0	0	0	0	0	0	0	0	0	0	0	0	0	0	0	0	0	0	0	0	0	0	0	0	0	0	0	0	0	0	0	0	0	0	0
0.157714	0.157714	0.157714	0.157714	0.157714	0.157714	0.157714	0.157714	0.157714	0.157714	0.157714	0.15545	0.15045	0.14545	0.14045	0.13545	0.13045	0.12545	0.12045	0.11545	0.11045	0.10545	0.10045	0.09545	0.09045	0.08545	0.08045	0.07545	0.07045	0.06545	0.06045	0.05545	0.05045	0.04545	0.04045	0.03545	0.03045	0.02545	0.02045	0.01545	0.01045	0.00545	0.00045	0	0	0	0	0	0	0	0	0	0	0	0	0	0	0	0	0	0	0	0	0	0	0	0	0	0	0	0	0	0	0	0	0	0	0	0	0	0	0	0	0	0	0	0	0	0	0	0	0	0	0	0	0	0	0	0	0	0
0.15944	0.15944	0.15944	0.15944	0.15944	0.15944	0.15944	0.15944	0.15944	0.15944	0.15944	0.15773	0.15273	0.14773	0.14273	0.13773	0.13273	0.12773	0.12273	0.11773	0.11273	0.10773	0.10273	0.09773	0.09273	0.08773	0.08273	0.07773	0.07273	0.06773	0.06273	0.05773	0.05273	0.04773	0.04273	0.03773	0.03273	0.02773	0.02273	0.01773	0.01273	0.00773	0.00273	0	0	0	0	0	0	0	0	0	0	0	0	0	0	0	0	0	0	0	0	0	0	0	0	0	0	0	0	0	0	0	0	0	0	0	0	0	0	0	0	0	0	0	0	0	0	0	0	0	0	0	0	0	0	0	0	0	0
0.161294	0.161294	0.161294	0.161294	0.161294	0.161294	0.161294	0.161294	0.161294	0.161294	0.161294	0.160037	0.155037	0.150037	0.145037	0.140037	0.135037	0.130037	0.125037	0.120037	0.115037	0.110037	0.105037	0.100037	0.095037	0.090037	0.085037	0.080037	0.075037	0.070037	0.065037	0.060037	0.055037	0.050037	0.045037	0.040037	0.035037	0.030037	0.025037	0.020037	0.015037	0.010037	0.005037	3.7e-05	0	0	0	0	0	0	0	0	0	0	0	0	0	0	0	0	0	0	0	0	0	0	0	0	0	0	0	0	0	0	0	0	0	0	0	0	0	0	0	0	0	0	0	0	0	0	0	0	0	0	0	0	0	0	0	0	0
0.162965	0.162965	0.162965	0.162965	0.162965	0.162965	0.162965	0.162965	0.162965	0.162965	0.162965	0.162384	0.157384	0.152384	0.147384	0.142384	0.137384	0.132384	0.127384	0.122384	0.117384	0.112384	0.107384	0.102384	0.097384	0.092384	0.087384	0.082384	0.077384	0.072384	0.067384	0.062384	0.057384	0.052384	0.047384	0.042384	0.037384	0.032384	0.027384	0.022384	0.017384	0.012384	0.007384	0.002384	0	0	0	0	0	0	0	0	0	0	0	0	0	0	0	0	0	0	0	0	0	0	0	0	0	0	0	0	0	0	0	0	0	0	0	0	0	0	0	0	0	0	0	0	0	0	0	0	0	0	0	0	0	0	0	0	0
0.164771	0.164771	0.164771	0.164771	0.164771	0.164771	0.164771	0.164771	0.164771	0.164771	0.164771	0.164771	0.15978	0.15478	0.14978	0.14478	0.13978	0.13478	0.12978	0.12478	0.11978	0.11478	0.10978	0.10478	0.09978	0.09478	0.08978	0.08478	0.07978	0.07478	0.06978	0.06478	0.05978	0.05478	0.04978	0.04478	0.03978	0.03478	0.02978	0.02478	0.01978	0.01478	0.00978	0.00478	0	0	0	0	0	0	0	0	0	0	0	0	0	0	0	0	0	0	0	0	0	0	0	0	0	0	0	0	0	0	0	0	0	0	0	0	0	0	0	0	0	0	0	0	0	0	0	0	0	0	0	0	0	0	0	0	0
0.166617	0.166617	0.166617	0.166617	0.166617	0.166617	0.166617	0.166617	0.166617	0.166617	0.166617	0.166617	0.162211	0.157214	0.152214	0.147214	0.142214	0.137214	0.132214	0.127214	0.122214	0.117214	0.112214	0.107214	0.102214	0.097214	0.092214	0.087214	0.082214	0.077214	0.072214	0.067214	0.062214	0.057214	0.052214	0.047214	0.042214	0.037214	0.032214	0.027214	0.022214	0.017214	0.012214	0.007214	0.002214	0	0	0	0	0	0	0	0	0	0	0	0	0	0	0	0	0	0	0	0	0	0	0	0	0	0	0	0	0	0	0	0	0	0	0	0	0	0	0	0	0	0	0	0	0	0	0	0	0	0	0	0	0	0	0	0
0.16851	0.16851	0.16851	0.16851	0.16851	0.16851	0.16851	0.16851	0.16851	0.16851	0.16851	0.16851	0.164721	0.159721	0.154721	0.149721	0.144721	0.139721	0.134721	0.129721	0.124721	0.119721	0.114721	0.109721	0.104721	0.099721	0.094721	0.089721	0.084721	0.079721	0.074721	0.069721	0.064721	0.059721	0.054721	0.049721	0.044721	0.039721	0.034721	0.029721	0.024721	0.019721	0.014721	0.009721	0.004721	0	0	0	0	0	0	0	0	0	0	0	0	0	0	0	0	0	0	0	0	0	0	0	0	0	0	0	0	0	0	0	0	0	0	0	0	0	0	0	0	0	0	0	0	0	0	0	0	0	0	0	0	0	0	0	0
0.170587	0.170587	0.170587	0.170587	0.170587	0.170587	0.170587	0.170587	0.170587	0.170587	0.170587	0.170587	0.167334	0.162384	0.157412	0.152412	0.147412	0.142412	0.137412	0.132412	0.127412	0.122412	0.117412	0.112412	0.107412	0.102412	0.097412	0.092412	0.087412	0.082412	0.077412	0.072412	0.067412	0.062412	0.057412	0.052412	0.047412	0.042412	0.037412	0.032412	0.027412	0.022412	0.017412	0.012412	0.007412	0.002412	0	0	0	0	0	0	0	0	0	0	0	0	0	0	0	0	0	0	0	0	0	0	0	0	0	0	0	0	0	0	0	0	0	0	0	0	0	0	0	0	0	0	0	0	0	0	0	0	0	0	0	0	0	0	0
0.172396	0.172396	0.172396	0.172396	0.172396	0.172396	0.172396	0.172396	0.172396	0.172396	0.172396	0.172396	0.169877	0.164877	0.159877	0.154877	0.149877	0.144877	0.139877	0.134877	0.129877	0.124877	0.119877	0.114877	0.109877	0.104877	0.099877	0.094877	0.089877	0.084877	0.079877	0.074877	0.069877	0.064877	0.059877	0.054877	0.049877	0.044877	0.039877	0.034877	0.029877	0.024877	0.019877	0.014877	0.009877	0.004877	0	0	0	0	0	0	0	0	0	0	0	0	0	0	0	0	0	0	0	0	0	0	0	0	0	0	0	0	0	0	0	0	0	0	0	0	0	0	0	0	0	0	0	0	0	0	0	0	0	0	0	0	0	0	0
0.174372	0.174372	0.174372	0.174372	0.174372	0.174372	0.174372	0.174372	0.174372	0.174372	0.174372	0.174372	0.172213	0.167263	0.162313	0.157363	0.152413	0.147463	0.142505	0.137505	0.132505	0.127505	0.122505	0.117505	0.112505	0.107505	0.102505	0.097505	0.092505	0.087505	0.082505	0.077505	0.072505	0.067505	0.062505	0.057505	0.052505	0.047505	0.042505	0.037505	0.032505	0.027505	0.022505	0.017505	0.012505	0.007505	0.002505	0	0	0	0	0	0	0	0	0	0	0	0	0	0	0	0	0	0	0	0	0	0	0	0	0	0	0	0	0	0	0	0	0	0	0	0	0	0	0	0	0	0	0	0	0	0	0	0	0	0	0	0	0	0
0.176541	0.176541	0.176541	0.176541	0.176541	0.176541	0.176541	0.176541	0.176541	0.176541	0.176541	0.176541	0.175354	0.170354	0.165354	0.160354	0.155354	0.150354	0.145354	0.140354	0.135354	0.130354	0.125354	0.120354	0.115354	0.110354	0.105354	0.100354	0.095354	0.090354	0.085354	0.080354	0.075354	0.070354	0.065354	0.060354	0.055354	0.050354	0.045354	0.040354	0.035354	0.030354	0.025354	0.020354	0.015354	0.010354	0.005354	0.000354	0	0	0	0	0	0	0	0	0	0	0	0	0	0	0	0	0	0	0	0	0	0	0	0	0	0	0	0	0	0	0	0	0	0	0	0	0	0	0	0	0	0	0	0	0	0	0	0	0	0	0	0	0
0.178576	0.178576	0.178576	0.178576	0.178576	0.178576	0.178576	0.178576	0.178576	0.178576	0.178576	0.178576	0.177855	0.172929	0.167929	0.162929	0.157929	0.152929	0.147929	0.142929	0.137929	0.132929	0.127929	0.122929	0.117929	0.112929	0.107929	0.102929	0.097929	0.092929	0.087929	0.082929	0.077929	0.072929	0.067929	0.062929	0.057929	0.052929	0.047929	0.042929	0.037929	0.032929	0.027929	0.022929	0.017929	0.012929	0.007929	0.002929	0	0	0	0	0	0	0	0	0	0	0	0	0	0	0	0	0	0	0	0	0	0	0	0	0	0	0	0	0	0	0	0	0	0	0	0	0	0	0	0	0	0	0	0	0	0	0	0	0	0	0	0	0
0.180755	0.180755	0.180755	0.180755	0.180755	0.180755	0.180755	0.180755	0.180755	0.180755	0.180755	0.180755	0.180745	0.175894	0.170894	0.165894	0.160894	0.155894	0.150894	0.145894	0.140894	0.135894	0.130894	0.125894	0.120894	0.115894	0.110894	0.105894	0.100894	0.095894	0.090894	0.085894	0.080894	0.075894	0.070894	0.065894	0.060894	0.055894	0.050894	0.045894	0.040894	0.035894	0.030894	0.025894	0.020894	0.015894	0.010894	0.005894	0.000894	0	0	0	0	0	0	0	0	0	0	0	0	0	0	0	0	0	0	0	0	0	0	0	0	0	0	0	0	0	0	0	0	0	0	0	0	0	0	0	0	0	0	0	0	0	0	0	0	0	0	0	0
0.182893	0.182893	0.182893	0.182893	0.182893	0.182893	0.182893	0.182893	0.182893	0.182893	0.182893	0.182893	0.182893	0.178868	0.173868	0.168868	0.163868	0.158868	0.153868	0.148868	0.143868	0.138868	0.133868	0.128868	0.123868	0.118868	0.113868	0.108868	0.103868	0.098868	0.093868	0.088868	0.083868	0.078868	0.073868	0.068868	0.063868	0.058868	0.053868	0.048868	0.043868	0.038868	0.033868	0.028868	0.023868	0.018868	0.013868	0.008868	0.003868	0	0	0	0	0	0	0	0	0	0	0	0	0	0	0	0	0	0	0	0	0	0	0	0	0	0	0	0	0	0	0	0	0	0	0	0	0	0	0	0	0	0	0	0	0	0	0	0	0	0	0	0
0.185179	0.185179	0.185179	0.185179	0.185179	0.185179	0.185179	0.185179	0.185179	0.185179	0.185179	0.185179	0.185179	0.181878	0.176878	0.171878	0.166878	0.161878	0.156878	0.151878	0.146878	0.141878	0.136878	0.131878	0.126878	0.121878	0.116878	0.111878	0.106878	0.101878	0.096878	0.091878	0.086878	0.081878	0.076878	0.071878	0.066878	0.061878	0.056878	0.051878	0.046878	0.041878	0.036878	0.031878	0.026878	0.021878	0.016878	0.011878	0.006878	0.001878	0	0	0	0	0	0	0	0	0	0	0	0	0	0	0	0	0	0	0	0	0	0	0	0	0	0	0	0	0	0	0	0	0	0	0	0	0	0	0	0	0	0	0	0	0	0	0	0	0	0	0
0.187511	0.187511	0.187511	0.187511	0.187511	0.187511	0.187511	0.187511	0.187511	0.187511	0.187511	0.187511	0.187511	0.184958	0.179958	0.174958	0.169958	0.164958	0.159958	0.154958	0.149958	0.144958	0.139958	0.134958	0.129958	0.124958	0.119958	0.114958	0.109958	0.104958	0.099958	0.094958	0.089958	0.084958	0.079958	0.074958	0.069958	0.064958	0.059958	0.054958	0.049958	0.044958	0.039958	0.034958	0.029958	0.024958	0.019958	0.014958	0.009958	0.004958	0	0	0	0	0	0	0	0	0	0	0	0	0	0	0	0	0	0	0	0	0	0	0	0	0	0	0	0	0	0	0	0	0	0	0	0	0	0	0	0	0	0	0	0	0	0	0	0	0	0	0
0.18981	0.18981	0.18981	0.18981	0.18981	0.18981	0.18981	0.18981	0.18981	0.18981	0.18981	0.18981	0.18981	0.188161	0.183161	0.178161	0.173161	0.168161	0.163161	0.158161	0.153161	0.148161	0.143161	0.138161	0.133161	0.128161	0.123161	0.118161	0.113161	0.108161	0.103161	0.098161	0.093161	0.088161	0.083161	0.078161	0.073161	0.068161	0.063161	0.058161	0.053161	0.048161	0.043161	0.038161	0.033161	0.028161	0.023161	0.018161	0.013161	0.008161	0.003161	0	0	0	0	0	0	0	0	0	0	0	0	0	0	0	0	0	0	0	0	0	0	0	0	0	0	0	0	0	0	0	0	0	0	0	0	0	0	0	0	0	0	0	0	0	0	0	0	0	0
0.192311	0.192311	0.192311	0.192311	0.192311	0.192311	0.192311	0.192311	0.192311	0.192311	0.192311	0.192311	0.192311	0.191338	0.186338	0.181338	0.176338	0.171338	0.166338	0.161338	0.156338	0.151338	0.146338	0.141338	0.136338	0.131338	0.126338	0.121338	0.116338	0.111338	0.106338	0.101338	0.096338	0.091338	0.086338	0.081338	0.076338	0.071338	0.066338	0.061338	0.056338	0.051338	0.046338	0.041338	0.036338	0.031338	0.026338	0.021338	0.016338	0.011338	0.006338	0.001338	0	0	0	0	0	0	0	0	0	0	0	0	0	0	0	0	0	0	0	0	0	0	0	0	0	0	0	0	0	0	0	0	0	0	0	0	0	0	0	0	0	0	0	0	0	0	0	0	0
0.194805	0.194805	0.194805	0.194805	0.194805	0.194805	0.194805	0.194805	0.194805	0.194805	0.194805	0.194805	0.194805	0.194665	0.189717	0.184717	0.179717	0.174717	0.169717	0.164717	0.159717	0.154717	0.149717	0.144717	0.139717	0.134717	0.129717	0.124717	0.119717	0.114717	0.109717	0.104717	0.099717	0.094717	0.089717	0.084717	0.079717	0.074717	0.069717	0.064717	0.059717	0.054717	0.049717	0.044717	0.039717	0.034717	0.029717	0.024717	0.019717	0.014717	0.009717	0.004717	0	0	0	0	0	0	0	0	0	0	0	0	0	0	0	0	0	0	0	0	0	0	0	0	0	0	0	0	0	0	0	0	0	0	0	0	0	0	0	0	0	0	0	0	0	0	0	0	0
0.197356	0.197356	0.197356	0.197356	0.197356	0.197356	0.197356	0.197356	0.197356	0.197356	0.197356	0.197356	0.197356	0.197356	0.193153	0.188153	0.183153	0.178153	0.173153	0.168153	0.163153	0.158153	0.153153	0.148153	0.143153	0.138153	0.133153	0.128153	0.123153	0.118153	0.113153	0.108153	0.103153	0.098153	0.093153	0.088153	0.083153	0.078153	0.073153	0.068153	0.063153	0.058153	0.053153	0.048153	0.043153	0.038153	0.033153	0.028153	0.023153	0.018153	0.013153	0.008153	0.003153	0	0	0	0	0	0	0	0	0	0	0	0	0	0	0	0	0	0	0	0	0	0	0	0	0	0	0	0	0	0	0	0	0	0	0	0	0	0	0	0	0	0	0	0	0	0	0	0
0.199998	0.199998	0.199998	0.199998	0.199998	0.199998	0.199998	0.199998	0.199998	0.199998	0.199998	0.199998	0.199998	0.199998	0.196668	0.191668	0.186668	0.181668	0.176668	0.171668	0.166668	0.161668	0.156668	0.151668	0.146668	0.141668	0.136668	0.131668	0.126668	0.121668	0.116668	0.111668	0.106668	0.101668	0.096668	0.091668	0.086668	0.081668	0.076668	0.071668	0.066668	0.061668	0.056668	0.051668	0.046668	0.041668	0.036668	0.031668	0.026668	0.021668	0.016668	0.011668	0.006668	0.001668	0	0	0	0	0	0	0	0	0	0	0	0	0	0	0	0	0	0	0	0	0	0	0	0	0	0	0	0	0	0	0	0	0	0	0	0	0	0	0	0	0	0	0	0	0	0	0
0.202684	0.202684	0.202684	0.202684	0.202684	0.202684	0.202684	0.202684	0.202684	0.202684	0.202684	0.202684	0.202684	0.202684	0.200116	0.195116	0.190116	0.185116	0.180116	0.175116	0.170116	0.165116	0.160116	0.155116	0.150116	0.145116	0.140116	0.135116	0.130116	0.125116	0.120116	0.115116	0.110116	0.105116	0.100116	0.095116	0.090116	0.085116	0.080116	0.075116	0.070116	0.065116	0.060116	0.055116	0.050116	0.045116	0.040116	0.035116	0.030116	0.025116	0.020116	0.015116	0.010116	0.005116	0.000116	0	0	0	0	0	0	0	0	0	0	0	0	0	0	0	0	0	0	0	0	0	0	0	0	0	0	0	0	0	0	0	0	0	0	0	0	0	0	0	0	0	0	0	0	0	0
0.205468	0.205468	0.205468	0.205468	0.205468	0.205468	0.205468	0.205468	0.205468	0.205468	0.205468	0.205468	0.205468	0.205468	0.203974	0.198974	0.193974	0.188974	0.183974	0.178974	0.173974	0.168974	0.163974	0.158974	0.153974	0.148974	0.143974	0.138974	0.133974	0.128974	0.123974	0.118974	0.113974	0.108974	0.103974	0.098974	0.093974	0.088974	0.083974	0.078974	0.073974	0.068974	0.063974	0.058974	0.053974	0.048974	0.043974	0.038974	0.033974	0.028974	0.023974	0.018974	0.013974	0.008974	0.003974	0	0	0	0	0	0	0	0	0	0	0	0	0	0	0	0	0	0	0	0	0	0	0	0	0	0	0	0	0	0	0	0	0	0	0	0	0	0	0	0	0	0	0	0	0	0
0.208315	0.208315	0.208315	0.208315	0.208315	0.208315	0.208315	0.208315	0.208315	0.208315	0.208315	0.208315	0.208315	0.208315	0.20727	0.20227	0.19727	0.19227	0.18727	0.18227	0.17727	0.17227	0.16727	0.16227	0.15727	0.15227	0.14727	0.14227	0.13727	0.13227	0.12727	0.12227	0.11727	0.11227	0.10727	0.10227	0.09727	0.09227	0.08727	0.08227	0.07727	0.07227	0.06727	0.06227	0.05727	0.05227	0.04727	0.04227	0.03727	0.03227	0.02727	0.02227	0.01727	0.01227	0.00727	0.00227	0	0	0	0	0	0	0	0	0	0	0	0	0	0	0	0	0	0	0	0	0	0	0	0	0	0	0	0	0	0	0	0	0	0	0	0	0	0	0	0	0	0	0	0	0
0.211209	0.211209	0.211209	0.211209	0.211209	0.211209	0.211209	0.211209	0.211209	0.211209	0.211209	0.211209	0.211209	0.211209	0.211209	0.206549	0.201599	0.196649	0.191687	0.186687	0.181687	0.176687	0.171687	0.166687	0.161687	0.156687	0.151687	0.146687	0.141687	0.136687	0.131687	0.126687	0.121687	0.116687	0.111687	0.106687	0.101687	0.096687	0.091687	0.086687	0.081687	0.076687	0.071687	0.066687	0.061687	0.056687	0.051687	0.046687	0.041687	0.036687	0.031687	0.026687	0.021687	0.016687	0.011687	0.006687	0.001687	0	0	0	0	0	0	0	0	0	0	0	0	0	0	0	0	0	0	0	0	0	0	0	0	0	0	0	0	0	0	0	0	0	0	0	0	0	0	0	0	0	0	0	0
0.214081	0.214081	0.214081	0.214081	0.214081	0.214081	0.214081	0.214081	0.214081	0.214081	0.214081	0.214081	0.214081	0.214081	0.214081	0.210448	0.205448	0.200448	0.195448	0.190448	0.185448	0.180448	0.175448	0.170448	0.165448	0.160448	0.155448	0.150448	0.145448	0.140448	0.135448	0.130448	0.125448	0.120448	0.115448	0.110448	0.105448	0.100448	0.095448	0.090448	0.085448	0.080448	0.075448	0.070448	0.065448	0.060448	0.055448	0.050448	0.045448	0.040448	0.035448	0.030448	0.025448	0.020448	0.015448	0.010448	0.005448	0.000448	0	0	0	0	0	0	0	0	0	0	0	0	0	0	0	0	0	0	0	0	0	0	0	0	0	0	0	0	0	0	0	0	0	0	0	0	0	0	0	0	0	0	0
0.217389	0.217389	0.217389	0.217389	0.217389	0.217389	0.217389	0.217389	0.217389	0.217389	0.217389	0.217389	0.217389	0.217389	0.217389	0.214551	0.209551	0.204551	0.199551	0.194551	0.189551	0.184551	0.179551	0.174551	0.169551	0.164551	0.159551	0.154551	0.149551	0.144551	0.139551	0.134551	0.129551	0.124551	0.119551	0.114551	0.109551	0.104551	0.099551	0.094551	0.089551	0.084551	0.079551	0.074551	0.069551	0.064551	0.059551	0.054551	0.049551	0.044551	0.039551	0.034551	0.029551	0.024551	0.019551	0.014551	0.009551	0.004551	0	0	0	0	0	0	0	0	0	0	0	0	0	0	0	0	0	0	0	0	0	0	0	0	0	0	0	0	0	0	0	0	0	0	0	0	0	0	0	0	0	0	0
0.220573	0.220573	0.220573	0.220573	0.220573	0.220573	0.220573	0.220573	0.220573	0.220573	0.220573	0.220573	0.220573	0.220573	0.220573	0.219086	0.214086	0.209086	0.204086	0.199086	0.194086	0.189086	0.184086	0.179086	0.174086	0.169086	0.164086	0.159086	0.154086	0.149086	0.144086	0.139086	0.134086	0.129086	0.124086	0.119086	0.114086	0.109086	0.104086	0.099086	0.094086	0.089086	0.084086	0.079086	0.074086	0.069086	0.064086	0.059086	0.054086	0.049086	0.044086	0.039086	0.034086	0.029086	0.024086	0.019086	0.014086	0.009086	0.004086	0	0	0	0	0	0	0	0	0	0	0	0	0	0	0	0	0	0	0	0	0	0	0	0	0	0	0	0	0	0	0	0	0	0	0	0	0	0	0	0	0	0
0.223855	0.223855	0.223855	0.223855	0.223855	0.223855	0.223855	0.223855	0.223855	0.223855	0.223855	0.223855	0.223855	0.223855	0.223855	0.223344	0.218344	0.213344	0.208344	0.203344	0.198344	0.193344	0.188344	0.183344	0.178344	0.173344	0.168344	0.163344	0.158344	0.153344	0.148344	0.143344	0.138344	0.133344	0.128344	0.123344	0.118344	0.113344	0.108344	0.103344	0.098344	0.093344	0.088344	0.083344	0.078344	0.073344	0.068344	0.063344	0.058344	0.053344	0.048344	0.043344	0.038344	0.033344	0.028344	0.023344	0.018344	0.013344	0.008344	0.003344	0	0	0	0	0	0	0	0	0	0	0	0	0	0	0	0	0	0	0	0	0	0	0	0	0	0	0	0	0	0	0	0	0	0	0	0	0	0	0	0	0
0.227216	0.227216	0.227216	0.227216	0.227216	0.227216	0.227216	0.227216	0.227216	0.227216	0.227216	0.227216	0.227216	0.227216	0.227216	0.227216	0.222784	0.217784	0.212784	0.207784	0.202784	0.197784	0.192784	0.187784	0.182784	0.177784	0.172784	0.167784	0.162784	0.157784	0.152784	0.147784	0.142784	0.137784	0.132784	0.127784	0.122784	0.117784	0.112784	0.107784	0.102784	0.097784	0.092784	0.087784	0.082784	0.077784	0.072784	0.067784	0.062784	0.057784	0.052784	0.047784	0.042784	0.037784	0.032784	0.027784	0.022784	0.017784	0.012784	0.007784	0.002784	0	0	0	0	0	0	0	0	0	0	0	0	0	0	0	0	0	0	0	0	0	0	0	0	0	0	0	0	0	0	0	0	0	0	0	0	0	0	0	0
0.23072	0.23072	0.23072	0.23072	0.23072	0.23072	0.23072	0.23072	0.23072	0.23072	0.23072	0.23072	0.23072	0.23072	0.23072	0.23072	0.227685	0.222685	0.217685	0.212685	0.207685	0.202685	0.197685	0.192685	0.187685	0.182685	0.177685	0.172685	0.167685	0.162685	0.157685	0.152685	0.147685	0.142685	0.137685	0.132685	0.127685	0.122685	0.117685	0.112685	0.107685	0.102685	0.097685	0.092685	0.087685	0.082685	0.077685	0.072685	0.067685	0.062685	0.057685	0.052685	0.047685	0.042685	0.037685	0.032685	0.027685	0.022685	0.017685	0.012685	0.007685	0.002685	0	0	0	0	0	0	0	0	0	0	0	0	0	0	0	0	0	0	0	0	0	0	0	0	0	0	0	0	0	0	0	0	0	0	0	0	0	0	0
0.234374	0.234374	0.234374	0.234374	0.234374	0.234374	0.234374	0.234374	0.234374	0.234374	0.234374	0.234374	0.234374	0.234374	0.234374	0.234374	0.232448	0.227492	0.222492	0.217492	0.212492	0.207492	0.202492	0.197492	0.192492	0.187492	0.182492	0.177492	0.172492	0.167492	0.162492	0.157492	0.152492	0.147492	0.142492	0.137492	0.132492	0.127492	0.122492	0.117492	0.112492	0.107492	0.102492	0.097492	0.092492	0.087492	0.082492	0.077492	0.072492	0.067492	0.062492	0.057492	0.052492	0.047492	0.042492	0.037492	0.032492	0.027492	0.022492	0.017492	0.012492	0.007492	0.002492	0	0	0	0	0	0	0	0	0	0	0	0	0	0	0	0	0	0	0	0	0	0	0	0	0	0	0	0	0	0	0	0	0	0	0	0	0	0
0.238083	0.238083	0.238083	0.238083	0.238083	0.238083	0.238083	0.238083	0.238083	0.238083	0.238083	0.238083	0.238083	0.238083	0.238083	0.238083	0.237389	0.232439	0.227455	0.222455	0.217455	0.212455	0.207455	0.202455	0.197455	0.192455	0.187455	0.182455	0.177455	0.172455	0.167455	0.162455	0.157455	0.152455	0.147455	0.142455	0.137455	0.132455	0.127455	0.122455	0.117455	0.112455	0.107455	0.102455	0.097455	0.092455	0.087455	0.082455	0.077455	0.072455	0.067455	0.062455	0.057455	0.052455	0.047455	0.042455	0.037455	0.032455	0.027455	0.022455	0.017455	0.012455	0.007455	0.002455	0	0	0	0	0	0	0	0	0	0	0	0	0	0	0	0	0	0	0	0	0	0	0	0	0	0	0	0	0	0	0	0	0	0	0	0	0
0.241893	0.241893	0.241893	0.241893	0.241893	0.241893	0.241893	0.241893	0.241893	0.241893	0.241893	0.241893	0.241893	0.241893	0.241893	0.241893	0.241893	0.237488	0.232488	0.227488	0.222488	0.217488	0.212488	0.207488	0.202488	0.197488	0.192488	0.187488	0.182488	0.177488	0.172488	0.167488	0.162488	0.157488	0.152488	0.147488	0.142488	0.137488	0.132488	0.127488	0.122488	0.117488	0.112488	0.107488	0.102488	0.097488	0.092488	0.087488	0.082488	0.077488	0.072488	0.067488	0.062488	0.057488	0.052488	0.047488	0.042488	0.037488	0.032488	0.027488	0.022488	0.017488	0.012488	0.007488	0.002488	0	0	0	0	0	0	0	0	0	0	0	0	0	0	0	0	0	0	0	0	0	0	0	0	0	0	0	0	0	0	0	0	0	0	0	0
0.245829	0.245829	0.245829	0.245829	0.245829	0.245829	0.245829	0.245829	0.245829	0.245829	0.245829	0.245829	0.245829	0.245829	0.245829	0.245829	0.245829	0.242803	0.237853	0.232861	0.227861	0.222861	0.217861	0.212861	0.207861	0.202861	0.197861	0.192861	0.187861	0.182861	0.177861	0.172861	0.167861	0.162861	0.157861	0.152861	0.147861	0.142861	0.137861	0.132861	0.127861	0.122861	0.117861	0.112861	0.107861	0.102861	0.097861	0.092861	0.087861	0.082861	0.077861	0.072861	0.067861	0.062861	0.057861	0.052861	0.047861	0.042861	0.037861	0.032861	0.027861	0.022861	0.017861	0.012861	0.007861	0.002861	0	0	0	0	0	0	0	0	0	0	0	0	0	0	0	0	0	0	0	0	0	0	0	0	0	0	0	0	0	0	0	0	0	0	0
0.249987	0.249987	0.249987	0.249987	0.249987	0.249987	0.249987	0.249987	0.249987	0.249987	0.249987	0.249987	0.249987	0.249987	0.249987	0.249987	0.249987	0.248317	0.243317	0.238317	0.233317	0.228317	0.223317	0.218317	0.213317	0.208317	0.203317	0.198317	0.193317	0.188317	0.183317	0.178317	0.173317	0.168317	0.163317	0.158317	0.153317	0.148317	0.143317	0.138317	0.133317	0.128317	0.123317	0.118317	0.113317	0.108317	0.103317	0.098317	0.093317	0.088317	0.083317	0.078317	0.073317	0.068317	0.063317	0.058317	0.053317	0.048317	0.043317	0.038317	0.033317	0.028317	0.023317	0.018317	0.013317	0.008317	0.003317	0	0	0	0	0	0	0	0	0	0	0	0	0	0	0	0	0	0	0	0	0	0	0	0	0	0	0	0	0	0	0	0	0	0
0.254216	0.254216	0.254216	0.254216	0.254216	0.254216	0.254216	0.254216	0.254216	0.254216	0.254216	0.254216	0.254216	0.254216	0.254216	0.254216	0.254216	0.253982	0.248982	0.243982	0.238982	0.233982	0.228982	0.223982	0.218982	0.213982	0.208982	0.203982	0.198982	0.193982	0.188982	0.183982	0.178982	0.173982	0.168982	0.163982	0.158982	0.153982	0.148982	0.143982	0.138982	0.133982	0.128982	0.123982	0.118982	0.113982	0.108982	0.103982	0.098982	0.093982	0.088982	0.083982	0.078982	0.073982	0.068982	0.063982	0.058982	0.053982	0.048982	0.043982	0.038982	0.033982	0.028982	0.023982	0.018982	0.013982	0.008982	0.003982	0	0	0	0	0	0	0	0	0	0	0	0	0	0	0	0	0	0	0	0	0	0	0	0	0	0	0	0	0	0	0	0	0
0.258587	0.258587	0.258587	0.258587	0.258587	0.258587	0.258587	0.258587	0.258587	0.258587	0.258587	0.258587	0.258587	0.258587	0.258587	0.258587	0.258587	0.258587	0.254726	0.249726	0.244726	0.239726	0.234726	0.229726	0.224726	0.219726	0.214726	0.209726	0.204726	0.199726	0.194726	0.189726	0.184726	0.179726	0.174726	0.169726	0.164726	0.159726	0.154726	0.149726	0.144726	0.139726	0.134726	0.129726	0.124726	0.119726	0.114726	0.109726	0.104726	0.099726	0.094726	0.089726	0.084726	0.079726	0.074726	0.069726	0.064726	0.059726	0.054726	0.049726	0.044726	0.039726	0.034726	0.029726	0.024726	0.019726	0.014726	0.009726	0.004726	0	0	0	0	0	0	0	0	0	0	0	0	0	0	0	0	0	0	0	0	0	0	0	0	0	0	0	0	0	0	0	0
0.263151	0.263151	0.263151	0.263151	0.263151	0.263151	0.263151	0.263151	0.263151	0.263151	0.263151	0.263151	0.263151	0.263151	0.263151	0.263151	0.263151	0.263151	0.260874	0.255874	0.250874	0.245874	0.240874	0.235874	0.230874	0.225874	0.220874	0.215874	0.210874	0.205874	0.200874	0.195874	0.190874	0.185874	0.180874	0.175874	0.170874	0.165874	0.160874	0.155874	0.150874	0.145874	0.140874	0.135874	0.130874	0.125874	0.120874	0.115874	0.110874	0.105874	0.100874	0.095874	0.090874	0.085874	0.080874	0.075874	0.070874	0.065874	0.060874	0.055874	0.050874	0.045874	0.040874	0.035874	0.030874	0.025874	0.020874	0.015874	0.010874	0.005874	0.000874	0	0	0	0	0	0	0	0	0	0	0	0	0	0	0	0	0	0	0	0	0	0	0	0	0	0	0	0	0	0
0.267853	0.267853	0.267853	0.267853	0.267853	0.267853	0.267853	0.267853	0.267853	0.267853	0.267853	0.267853	0.267853	0.267853	0.267853	0.267853	0.267853	0.267853	0.267128	0.262128	0.257128	0.252128	0.247128	0.242128	0.237128	0.232128	0.227128	0.222128	0.217128	0.212128	0.207128	0.202128	0.197128	0.192128	0.187128	0.182128	0.177128	0.172128	0.167128	0.162128	0.157128	0.152128	0.147128	0.142128	0.137128	0.132128	0.127128	0.122128	0.117128	0.112128	0.107128	0.102128	0.097128	0.092128	0.087128	0.082128	0.077128	0.072128	0.067128	0.062128	0.057128	0.052128	0.047128	0.042128	0.037128	0.032128	0.027128	0.022128	0.017128	0.012128	0.007128	0.002128	0	0	0	0	0	0	0	0	0	0	0	0	0	0	0	0	0	0	0	0	0	0	0	0	0	0	0	0	0
0.272649	0.272649	0.272649	0.272649	0.272649	0.272649	0.272649	0.272649	0.272649	0.272649	0.272649	0.272649	0.272649	0.272649	0.272649	0.272649	0.272649	0.272649	0.272649	0.268581	0.263581	0.258581	0.253581	0.248581	0.243581	0.238581	0.233581	0.228581	0.223581	0.218581	0.213581	0.208581	0.203581	0.198581	0.193581	0.188581	0.183581	0.178581	0.173581	0.168581	0.163581	0.158581	0.153581	0.148581	0.143581	0.138581	0.133581	0.128581	0.123581	0.118581	0.113581	0.108581	0.103581	0.098581	0.093581	0.088581	0.083581	0.078581	0.073581	0.068581	0.063581	0.058581	0.053581	0.048581	0.043581	0.038581	0.033581	0.028581	0.023581	0.018581	0.013581	0.008581	0.003581	0	0	0	0	0	0	0	0	0	0	0	0	0	0	0	0	0	0	0	0	0	0	0	0	0	0	0	0
0.277681	0.277681	0.277681	0.277681	0.277681	0.277681	0.277681	0.277681	0.277681	0.277681	0.277681	0.277681	0.277681	0.277681	0.277681	0.277681	0.277681	0.277681	0.277681	0.275362	0.270362	0.265362	0.260362	0.255362	0.250362	0.245362	0.240362	0.235362	0.230362	0.225362	0.220362	0.215362	0.210362	0.205362	0.200362	0.195362	0.190362	0.185362	0.180362	0.175362	0.170362	0.165362	0.160362	0.155362	0.150362	0.145362	0.140362	0.135362	0.130362	0.125362	0.120362	0.115362	0.110362	0.105362	0.100362	0.095362	0.090362	0.085362	0.080362	0.075362	0.070362	0.065362	0.060362	0.055362	0.050362	0.045362	0.040362	0.035362	0.030362	0.025362	0.020362	0.015362	0.010362	0.005362	0.000362	0	0	0	0	0	0	0	0	0	0	0	0	0	0	0	0	0	0	0	0	0	0	0	0	0	0
0.282997	0.282997	0.282997	0.282997	0.282997	0.282997	0.282997	0.282997	0.282997	0.282997	0.282997	0.282997	0.282997	0.282997	0.282997	0.282997	0.282997	0.282997	0.282997	0.282215	0.277215	0.272215	0.267215	0.262215	0.257215	0.252215	0.247215	0.242215	0.237215	0.232215	0.227215	0.222215	0.217215	0.212215	0.207215	0.202215	0.197215	0.192215	0.187215	0.182215	0.177215	0.172215	0.167215	0.162215	0.157215	0.152215	0.147215	0.142215	0.137215	0.132215	0.127215	0.122215	0.117215	0.112215	0.107215	0.102215	0.097215	0.092215	0.087215	0.082215	0.077215	0.072215	0.067215	0.062215	0.057215	0.052215	0.047215	0.042215	0.037215	0.032215	0.027215	0.022215	0.017215	0.012215	0.007215	0.002215	0	0	0	0	0	0	0	0	0	0	0	0	0	0	0	0	0	0	0	0	0	0	0	0	0
0.28844	0.28844	0.28844	0.28844	0.28844	0.28844	0.28844	0.28844	0.28844	0.28844	0.28844	0.28844	0.28844	0.28844	0.28844	0.28844	0.28844	0.28844	0.28844	0.28844	0.284612	0.279612	0.274612	0.269612	0.264612	0.259612	0.254612	0.249612	0.244612	0.239612	0.234612	0.229612	0.224612	0.219612	0.214612	0.209612	0.204612	0.199612	0.194612	0.189612	0.184612	0.179612	0.174612	0.169612	0.164612	0.159612	0.154612	0.149612	0.144612	0.139612	0.134612	0.129612	0.124612	0.119612	0.114612	0.109612	0.104612	0.099612	0.094612	0.089612	0.084612	0.079612	0.074612	0.069612	0.064612	0.059612	0.054612	0.049612	0.044612	0.039612	0.034612	0.029612	0.024612	0.019612	0.014612	0.009612	0.004612	0	0	0	0	0	0	0	0	0	0	0	0	0	0	0	0	0	0	0	0	0	0	0	0
0.293978	0.293978	0.293978	0.293978	0.293978	0.293978	0.293978	0.293978	0.293978	0.293978	0.293978	0.293978	0.293978	0.293978	0.293978	0.293978	0.293978	0.293978	0.293978	0.293978	0.292008	0.287008	0.282008	0.277008	0.272008	0.267008	0.262008	0.257008	0.252008	0.247008	0.242008	0.237008	0.232008	0.227008	0.222008	0.217008	0.212008	0.207008	0.202008	0.197008	0.192008	0.187008	0.182008	0.177008	0.172008	0.167008	0.162008	0.157008	0.152008	0.147008	0.142008	0.137008	0.132008	0.127008	0.122008	0.117008	0.112008	0.107008	0.102008	0.097008	0.092008	0.087008	0.082008	0.077008	0.072008	0.067008	0.062008	0.057008	0.052008	0.047008	0.042008	0.037008	0.032008	0.027008	0.022008	0.017008	0.012008	0.007008	0.002008	0	0	0	0	0	0	0	0	0	0	0	0	0	0	0	0	0	0	0	0	0	0
0.299537	0.299537	0.299537	0.299537	0.299537	0.299537	0.299537	0.299537	0.299537	0.299537	0.299537	0.299537	0.299537	0.299537	0.299537	0.299537	0.299537	0.299537	0.299537	0.299537	0.299526	0.294526	0.289526	0.284526	0.279526	0.274526	0.269526	0.264526	0.259526	0.254526	0.249526	0.244526	0.239526	0.234526	0.229526	0.224526	0.219526	0.214526	0.209526	0.204526	0.199526	0.194526	0.189526	0.184526	0.179526	0.174526	0.169526	0.164526	0.159526	0.154526	0.149526	0.144526	0.139526	0.134526	0.129526	0.124526	0.119526	0.114526	0.109526	0.104526	0.099526	0.094526	0.089526	0.084526	0.079526	0.074526	0.069526	0.064526	0.059526	0.054526	0.049526	0.044526	0.039526	0.034526	0.029526	0.024526	0.019526	0.014526	0.009526	0.004526	0	0	0	0	0	0	0	0	0	0	0	0	0	0	0	0	0	0	0	0	0
0.29591	0.29591	0.29591	0.29591	0.29591	0.29591	0.29591	0.29591	0.29591	0.29591	0.29591	0.29591	0.29591	0.29591	0.29591	0.29591	0.29591	0.29591	0.29591	0.29591	0.29591	0.292934	0.287934	0.282934	0.277934	0.272934	0.267934	0.262934	0.257934	0.252934	0.247934	0.242934	0.237934	0.232934	0.227934	0.222934	0.217934	0.212934	0.207934	0.202934	0.197934	0.192934	0.187934	0.182934	0.177934	0.172934	0.167934	0.162934	0.157934	0.152934	0.147934	0.142934	0.137934	0.132934	0.127934	0.122934	0.117934	0.112934	0.107934	0.102934	0.097934	0.092934	0.087934	0.082934	0.077934	0.072934	0.067934	0.062934	0.057934	0.052934	0.047934	0.042934	0.037934	0.032934	0.027934	0.022934	0.017934	0.012934	0.007934	0.002934	0	0	0	0	0	0	0	0	0	0	0	0	0	0	0	0	0	0	0	0	0
0.29164	0.29164	0.29164	0.29164	0.291689	0.291739	0.291789	0.291839	0.291889	0.291939	0.291989	0.292039	0.292089	0.292139	0.292189	0.292239	0.292289	0.292339	0.292389	0.292439	0.292489	0.291658	0.286708	0.281758	0.276808	0.271858	0.266908	0.261958	0.257008	0.252058	0.247108	0.242158	0.237208	0.232258	0.227308	0.222358	0.217408	0.212458	0.207508	0.202558	0.197608	0.192658	0.187708	0.182758	0.177808	0.172858	0.167908	0.162958	0.158008	0.153058	0.148108	0.143158	0.138208	0.133258	0.128308	0.123358	0.118408	0.113458	0.108508	0.103558	0.098608	0.093658	0.088708	0.083758	0.078808	0.073858	0.068908	0.063958	0.059008	0.054058	0.049108	0.044158	0.039208	0.034258	0.029308	0.024358	0.019408	0.014458	0.009508	0.004558	0	0	0	0	0	0	0	0	0	0	0	0	0	0	0	0	0	0	0	0	0
0.287229	0.287279	0.287329	0.287379	0.287429	0.287479	0.287529	0.287579	0.287629	0.287679	0.287729	0.287779	0.287829	0.287879	0.287929	0.287979	0.288029	0.288079	0.288129	0.288179	0.288229	0.288279	0.28471	0.27976	0.27481	0.26986	0.26491	0.25996	0.25501	0.25006	0.24511	0.24016	0.23521	0.23026	0.22531	0.22036	0.21541	0.21046	0.20551	0.20056	0.19561	0.19066	0.18571	0.18076	0.17581	0.17086	0.16591	0.16096	0.15601	0.15106	0.14611	0.14116	0.13621	0.13126	0.12631	0.12136	0.11641	0.11146	0.10651	0.10156	0.09661	0.09166	0.08671	0.08176	0.07681	0.07186	0.06691	0.06196	0.05701	0.05206	0.04711	0.04216	0.03721	0.03226	0.02731	0.02236	0.01741	0.01246	0.00751	0.00256	0	0	0	0	0	0	0	0	0	0	0	0	0	0	0	0	0	0	0	0	0
0.282478	0.282575	0.282675	0.282775	0.282875	0.282975	0.283075	0.283175	0.283275	0.283375	0.283475	0.283575	0.283675	0.283775	0.283875	0.283975	0.284075	0.284175	0.284275	0.284375	0.284475	0.284575	0.28333	0.27843	0.27353	0.26863	0.26373	0.25883	0.25393	0.24903	0.24413	0.23923	0.23433	0.22943	0.22453	0.21963	0.21473	0.20983	0.20493	0.20003	0.19513	0.19023	0.18533	0.18043	0.17553	0.17063	0.16573	0.16083	0.15593	0.15103	0.14613	0.14123	0.13633	0.13143	0.12653	0.12163	0.11673	0.11183	0.10693	0.10203	0.09713	0.09223	0.08733	0.08243	0.07753	0.07263	0.06773	0.06283	0.05793	0.05303	0.04813	0.04323	0.03833	0.03343	0.02853	0.02363	0.01873	0.01383	0.00893	0.00403	0	0	0	0	0	0	0	0	0	0	0	0	0	0	0	0	0	0	0	0	0
0.277773	0.277873	0.277973	0.278073	0.278173	0.278273	0.278373	0.278473	0.278573	0.278673	0.278773	0.278873	0.278973	0.279073	0.279173	0.279273	0.279373	0.279473	0.279573	0.279673	0.279773	0.279873	0.279973	0.27618	0.27128	0.26638	0.26148	0.25658	0.25168	0.24678	0.24188	0.23698	0.23208	0.22718	0.22228	0.21738	0.21248	0.20758	0.20268	0.19778	0.19288	0.18798	0.18308	0.17818	0.17328	0.16838	0.16348	0.15858	0.15368	0.14878	0.14388	0.13898	0.13408	0.12918	0.12428	0.11938	0.11448	0.10958	0.10468	0.099817	0.094967	0.090117	0.085267	0.080417	0.075567	0.070717	0.065867	0.061017	0.056167	0.051317	0.046467	0.041617	0.036767	0.031917	0.027067	0.022217	0.017367	0.012517	0.007667	0.002817	0	0	0	0	0	0	0	0	0	0	0	0	0	0	0	0	0	0	0	0	0
0.272406	0.272556	0.272706	0.272856	0.273006	0.273156	0.273306	0.273456	0.273606	0.273756	0.273906	0.274056	0.274206	0.274356	0.274506	0.274656	0.274806	0.274956	0.275106	0.275256	0.275406	0.275556	0.275706	0.274603	0.269753	0.264903	0.260053	0.255203	0.250353	0.245503	0.240653	0.235803	0.230953	0.226103	0.221253	0.216403	0.211553	0.206703	0.201853	0.197003	0.192153	0.187303	0.182453	0.177603	0.172753	0.167903	0.163053	0.158203	0.153353	0.148503	0.143653	0.138803	0.133953	0.129103	0.124253	0.119403	0.114553	0.109703	0.104853	0.100003	0.095153	0.090303	0.085453	0.080603	0.075753	0.070903	0.066053	0.061203	0.056353	0.051503	0.046653	0.041803	0.036953	0.032103	0.027253	0.022403	0.017553	0.012703	0.007853	0.003003	0	0	0	0	0	0	0	0	0	0	0	0	0	0	0	0	0	0	0	0	0
0.267428	0.267578	0.267758	0.267958	0.268158	0.268358	0.268558	0.268758	0.268958	0.269158	0.269358	0.269558	0.269758	0.269958	0.270158	0.270358	0.270558	0.270758	0.270958	0.271158	0.271358	0.271558	0.271758	0.271958	0.268431	0.263631	0.258831	0.254031	0.249231	0.244431	0.239631	0.234831	0.230031	0.225231	0.220431	0.215631	0.210831	0.206031	0.201231	0.196431	0.191631	0.186831	0.182031	0.177231	0.172431	0.167631	0.162831	0.158031	0.153231	0.148431	0.143631	0.138831	0.134031	0.129231	0.124431	0.119631	0.114831	0.110031	0.105231	0.100431	0.095631	0.090831	0.086031	0.081231	0.076431	0.071631	0.066831	0.062031	0.057231	0.052431	0.047631	0.042831	0.038031	0.033231	0.028431	0.023631	0.018831	0.014031	0.009231	0.004431	0	0	0	0	0	0	0	0	0	0	0	0	0	0	0	0	0	0	0	0	0
0.26172	0.26192	0.26212	0.26232	0.26252	0.26272	0.26292	0.26312	0.26332	0.26352	0.26372	0.26392	0.26412	0.26432	0.26452	0.26472	0.26492	0.26512	0.26532	0.26552	0.26572	0.26592	0.26612	0.26632	0.265701	0.260901	0.256101	0.251301	0.246501	0.241701	0.236901	0.232101	0.227301	0.222501	0.217701	0.212901	0.208101	0.203301	0.198501	0.193701	0.188901	0.184101	0.179301	0.174501	0.169701	0.164901	0.160101	0.155301	0.150501	0.145701	0.140901	0.136101	0.131301	0.126537	0.121787	0.117037	0.112287	0.107537	0.102787	0.098037	0.093287	0.088537	0.083787	0.079037	0.074287	0.069537	0.064787	0.060037	0.055287	0.050537	0.045787	0.041037	0.036287	0.031537	0.026787	0.022037	0.017287	0.012537	0.007787	0.003037	0	0	0	0	0	0	0	0	0	0	0	0	0	0	0	0	0	0	0	0	0
0.256093	0.256343	0.256593	0.256843	0.257093	0.257343	0.257593	0.257843	0.258093	0.258343	0.258593	0.258843	0.259093	0.259343	0.259593	0.259843	0.260093	0.260343	0.260593	0.260843	0.261093	0.261343	0.261593	0.261843	0.262093	0.259274	0.254524	0.249774	0.245024	0.240274	0.235524	0.230774	0.226024	0.221274	0.216524	0.211774	0.207024	0.202274	0.197524	0.192774	0.188024	0.183274	0.178524	0.173774	0.169024	0.164274	0.159524	0.154774	0.150024	0.145274	0.140524	0.135774	0.131024	0.126274	0.121524	0.116774	0.112024	0.107274	0.102524	0.097774	0.093024	0.088274	0.083524	0.078774	0.074024	0.069274	0.064524	0.059774	0.055024	0.050274	0.045524	0.040774	0.036024	0.031274	0.026524	0.021774	0.017024	0.012274	0.007524	0.002774	0	0	0	0	0	0	0	0	0	0	0	0	0	0	0	0	0	0	0	0	0
0.249958	0.250257	0.250557	0.250857	0.251157	0.251457	0.251757	0.252057	0.252357	0.252657	0.252957	0.253257	0.253557	0.253857	0.254157	0.254457	0.254757	0.255057	0.255357	0.255657	0.255957	0.256257	0.256557	0.256857	0.257157	0.257457	0.252787	0.248087	0.243387	0.238687	0.233987	0.229287	0.224587	0.219887	0.215187	0.210487	0.205787	0.201087	0.196387	0.191687	0.186987	0.182287	0.177587	0.172887	0.168187	0.163487	0.158787	0.154087	0.149387	0.144687	0.139987	0.135287	0.130587	0.125887	0.121187	0.116487	0.111787	0.107087	0.102387	0.097687	0.092987	0.088287	0.083587	0.078887	0.074187	0.069487	0.064787	0.060087	0.055387	0.050687	0.045987	0.041287	0.036587	0.031887	0.027187	0.022487	0.017787	0.013087	0.008387	0.003687	0	0	0	0	0	0	0	0	0	0	0	0	0	0	0	0	0	0	0	0	0
0.243556	0.243856	0.244156	0.244496	0.244846	0.245196	0.245546	0.245896	0.246246	0.246596	0.246946	0.247296	0.247646	0.247996	0.248346	0.248696	0.249046	0.249396	0.249746	0.250096	0.250446	0.250796	0.251146	0.251496	0.251846	0.252196	0.250764	0.246114	0.241464	0.236814	0.232164	0.227514	0.222864	0.218214	0.213564	0.208914	0.204264	0.199614	0.194964	0.190314	0.185664	0.181014	0.176364	0.171714	0.167064	0.162414	0.157764	0.153114	0.148464	0.143814	0.139164	0.134514	0.129864	0.125214	0.120564	0.115914	0.111264	0.106614	0.101964	0.097314	0.092664	0.088014	0.083364	0.078714	0.074064	0.069414	0.064764	0.060114	0.055464	0.050814	0.046164	0.041514	0.036864	0.032214	0.027564	0.022914	0.018264	0.013614	0.008964	0.004314	0	0	0	0	0	0	0	0	0	0	0	0	0	0	0	0	0	0	0	0	0
0.236828	0.237178	0.237528	0.237878	0.238228	0.238578	0.238928	0.239278	0.239628	0.239978	0.240328	0.240678	0.241028	0.241378	0.241728	0.242078	0.242428	0.242778	0.243128	0.243478	0.243841	0.244241	0.244641	0.245041	0.245441	0.245841	0.246241	0.243222	0.238622	0.234022	0.229422	0.224822	0.220222	0.215622	0.211022	0.206422	0.201822	0.197222	0.192622	0.188022	0.183422	0.178822	0.174222	0.169622	0.165022	0.160422	0.155822	0.151222	0.146622	0.142022	0.137422	0.132822	0.128222	0.123622	0.119022	0.114422	0.109822	0.105222	0.100622	0.096022	0.091422	0.086822	0.082222	0.077622	0.073022	0.068422	0.063822	0.059222	0.054622	0.050022	0.045422	0.040822	0.036222	0.031622	0.027022	0.022422	0.017822	0.013222	0.008622	0.004022	0	0	0	0	0	0	0	0	0	0	0	0	0	0	0	0	0	0	0	0	0
0.229723	0.230123	0.230523	0.230923	0.231323	0.231723	0.232123	0.232523	0.232923	0.233323	0.233723	0.234123	0.234523	0.234923	0.235323	0.235723	0.236123	0.236523	0.236923	0.237323	0.237723	0.238123	0.238523	0.238923	0.239323	0.239723	0.240123	0.240523	0.236023	0.231423	0.226823	0.222223	0.217623	0.213023	0.208423	0.203823	0.199223	0.194623	0.190052	0.185502	0.180952	0.176402	0.171852	0.167302	0.162752	0.158202	0.153652	0.149102	0.144552	0.140002	0.135452	0.130902	0.126352	0.121802	0.117252	0.112702	0.108152	0.103602	0.099052	0.094502	0.089952	0.085402	0.080852	0.076302	0.071752	0.067202	0.062652	0.058102	0.053552	0.049002	0.044452	0.039902	0.035352	0.030802	0.026252	0.021702	0.017152	0.012602	0.008052	0.003502	0	0	0	0	0	0	0	0	0	0	0	0	0	0	0	0	0	0	0	0	0
0.222011	0.222461	0.222911	0.223361	0.223811	0.224261	0.224711	0.225161	0.225611	0.226061	0.226511	0.226961	0.227411	0.227861	0.228311	0.228761	0.229211	0.229661	0.230111	0.230561	0.231011	0.231461	0.231911	0.232361	0.232811	0.233261	0.233711	0.234161	0.233686	0.229136	0.224586	0.220036	0.215486	0.210936	0.206386	0.201836	0.197286	0.192736	0.188186	0.183636	0.179086	0.174536	0.169986	0.165436	0.160886	0.156336	0.151787	0.147287	0.142787	0.138287	0.133787	0.129287	0.124787	0.120287	0.115787	0.111287	0.106787	0.102287	0.097787	0.093287	0.088787	0.084287	0.079787	0.075287	0.070787	0.066287	0.061787	0.057287	0.052787	0.048287	0.043787	0.039287	0.034787	0.030287	0.025787	0.021287	0.016787	0.012287	0.007787	0.003287	0	0	0	0	0	0	0	0	0	0	0	0	0	0	0	0	0	0	0	0	0
0.214147	0.214647	0.215147	0.215647	0.216147	0.216647	0.217147	0.217647	0.218147	0.218647	0.219147	0.219647	0.220147	0.220647	0.221147	0.221647	0.222147	0.222647	0.223147	0.223647	0.224147	0.224647	0.225147	0.225647	0.226147	0.226647	0.227147	0.227647	0.228147	0.226621	0.222121	0.217621	0.213121	0.208621	0.204121	0.199621	0.195121	0.190621	0.186121	0.181621	0.177121	0.172621	0.168121	0.163621	0.159121	0.154621	0.150149	0.145699	0.141249	0.136799	0.132349	0.127899	0.123449	0.118999	0.114549	0.110099	0.105649	0.101199	0.096749	0.092299	0.087849	0.083399	0.078949	0.074499	0.070049	0.065599	0.061149	0.056699	0.052249	0.047799	0.043349	0.038899	0.034449	0.029999	0.025549	0.021099	0.016649	0.012199	0.007749	0.003299	0	0	0	0	0	0	0	0	0	0	0	0	0	0	0	0	0	0	0	0	0
0.205853	0.206403	0.206953	0.207503	0.208053	0.208603	0.209153	0.209703	0.210253	0.210803	0.211353	0.211903	0.212453	0.213003	0.213553	0.214103	0.214653	0.215203	0.215753	0.216303	0.216853	0.217403	0.217953	0.218503	0.219053	0.219603	0.220153	0.220703	0.221253	0.221803	0.219269	0.214819	0.210369	0.205919	0.201469	0.197019	0.192569	0.188166	0.183766	0.179366	0.174966	0.170566	0.166166	0.161766	0.157366	0.152966	0.148566	0.144166	0.139766	0.135366	0.130966	0.126566	0.122166	0.117766	0.113366	0.108966	0.104566	0.100166	0.095766	0.091366	0.086966	0.082566	0.078166	0.073766	0.069366	0.064966	0.060566	0.056166	0.051766	0.047366	0.042966	0.038566	0.034166	0.029766	0.025366	0.020966	0.016566	0.012166	0.007766	0.003366	0	0	0	0	0	0	0	0	0	0	0	0	0	0	0	0	0	0	0	0	0
0.196943	0.197543	0.198143	0.198743	0.199343	0.199943	0.200543	0.201143	0.201743	0.202343	0.202943	0.203543	0.204143	0.204743	0.205343	0.205943	0.206543	0.207143	0.207743	0.208366	0.209016	0.209666	0.210316	0.210966	0.211616	0.212266	0.212916	0.213566	0.214216	0.214866	0.215516	0.212637	0.208287	0.203937	0.199587	0.195237	0.190887	0.186537	0.182187	0.177837	0.173487	0.169137	0.164787	0.160437	0.156087	0.151737	0.147387	0.143037	0.138687	0.134337	0.129987	0.125637	0.121287	0.116937	0.112587	0.108237	0.103887	0.099537	0.095187	0.090837	0.086487	0.082137	0.077787	0.073437	0.069087	0.064737	0.060387	0.056037	0.051687	0.047337	0.042987	0.038637	0.034287	0.029937	0.025587	0.021237	0.016887	0.012537	0.008187	0.003837	0	0	0	0	0	0	0	0	0	0	0	0	0	0	0	0	0	0	0	0	0
0.1875	0.18815	0.1888	0.189498	0.190198	0.190898	0.191598	0.192298	0.192998	0.193698	0.194398	0.195098	0.195798	0.196498	0.197198	0.197898	0.198598	0.199298	0.199998	0.200698	0.201398	0.202098	0.202798	0.203498	0.204198	0.204898	0.205598	0.206298	0.206998	0.207698	0.208398	0.209098	0.205992	0.201692	0.197392	0.193092	0.188792	0.184492	0.180192	0.175892	0.171592	0.167292	0.162992	0.158692	0.154392	0.150092	0.145792	0.141492	0.137192	0.132892	0.128592	0.124292	0.119992	0.115692	0.111392	0.107092	0.102792	0.098492	0.094192	0.089892	0.085592	0.081292	0.076992	0.072692	0.068392	0.064092	0.059792	0.055492	0.051192	0.046892	0.042592	0.038292	0.033992	0.029692	0.025392	0.021092	0.016792	0.012492	0.008192	0.003892	0	0	0	0	0	0	0	0	0	0	0	0	0	0	0	0	0	0	0	0	0
0.177419	0.178169	0.178919	0.179669	0.180419	0.181169	0.181919	0.182669	0.183419	0.184169	0.184919	0.185669	0.186419	0.187169	0.187919	0.188669	0.189419	0.190169	0.190919	0.191669	0.192419	0.193169	0.193919	0.194669	0.195419	0.196169	0.196919	0.197669	0.198419	0.199169	0.199919	0.200669	0.201419	0.198407	0.194157	0.189907	0.185657	0.181407	0.177157	0.172907	0.168657	0.164407	0.160157	0.155907	0.151657	0.147407	0.143157	0.138907	0.134657	0.130407	0.126157	0.121907	0.117657	0.113407	0.109157	0.104907	0.100657	0.096407	0.092157	0.087907	0.083657	0.079407	0.075157	0.070907	0.066657	0.062407	0.058157	0.053907	0.049657	0.045407	0.041157	0.036907	0.032657	0.028407	0.024157	0.019907	0.015657	0.011407	0.007157	0.002907	0	0	0	0	0	0	0	0	0	0	0	0	0	0	0	0	0	0	0	0	0
0.166667	0.167467	0.168267	0.169067	0.169867	0.170667	0.171467	0.172267	0.173067	0.173867	0.174667	0.175467	0.176267	0.177067	0.177867	0.178667	0.179467	0.180267	0.181067	0.181867	0.182667	0.183467	0.184267	0.185067	0.185867	0.186667	0.187467	0.188267	0.189067	0.189867	0.190667	0.191467	0.192267	0.193067	0.190494	0.186294	0.182094	0.177894	0.173694	0.169494	0.165294	0.161094	0.156894	0.152694	0.148494	0.144332	0.140182	0.136032	0.131882	0.127732	0.123582	0.119432	0.115282	0.111132	0.106982	0.102832	0.098682	0.094532	0.090382	0.086232	0.082082	0.077932	0.073782	0.069632	0.065482	0.061332	0.057182	0.053032	0.048882	0.044732	0.040582	0.036432	0.032282	0.028132	0.023982	0.019832	0.015682	0.011532	0.007382	0.003232	0	0	0	0	0	0	0	0	0	0	0	0	0	0	0	0	0	0	0	0	0
0.155172	0.156022	0.156914	0.157814	0.158714	0.159614	0.160514	0.161414	0.162314	0.163214	0.164114	0.165014	0.165914	0.166814	0.167714	0.168614	0.169514	0.170414	0.171314	0.172214	0.173114	0.174014	0.174914	0.175814	0.176714	0.177614	0.178514	0.179414	0.180314	0.181214	0.182114	0.183014	0.183914	0.184814	0.185714	0.183981	0.179881	0.175781	0.171681	0.167581	0.163481	0.159381	0.155281	0.151181	0.147081	0.142981	0.138881	0.134781	0.130681	0.126581	0.122481	0.118381	0.114281	0.110181	0.106081	0.101981	0.097881	0.093781	0.089681	0.085581	0.081481	0.077381	0.073281	0.069181	0.065081	0.060981	0.056881	0.052781	0.048681	0.044581	0.040481	0.036381	0.032281	0.028181	0.024081	0.019981	0.015881	0.011781	0.007681	0.003581	0	0	0	0	0	0	0	0	0	0	0	0	0	0	0	0	0	0	0	0	0
0.142857	0.143807	0.144757	0.145707	0.146657	0.147607	0.148557	0.149507	0.150457	0.151407	0.152357	0.153307	0.154257	0.155207	0.156157	0.157107	0.158057	0.159007	0.159957	0.160907	0.161857	0.162807	0.163757	0.164707	0.165657	0.166607	0.167557	0.168507	0.169457	0.170407	0.171357	0.172307	0.173257	0.174207	0.175157	0.176107	0.175587	0.171537	0.167487	0.163437	0.159387	0.155337	0.151287	0.147237	0.143187	0.139163	0.135163	0.131163	0.127163	0.123163	0.119163	0.115163	0.111163	0.107163	0.103163	0.099163	0.095163	0.091163	0.087163	0.083163	0.079163	0.075163	0.071163	0.067163	0.063163	0.059163	0.055163	0.051163	0.047163	0.043163	0.039163	0.035163	0.031163	0.027163	0.023163	0.019163	0.015163	0.011163	0.007163	0.003163	0	0	0	0	0	0	0	0	0	0	0	0	0	0	0	0	0	0	0	0	0
0.12963	0.130677	0.131727	0.132777	0.133827	0.134877	0.135927	0.136977	0.138027	0.139077	0.140127	0.141177	0.142227	0.143277	0.144327	0.145377	0.146427	0.147477	0.148527	0.149577	0.150627	0.151677	0.152727	0.153777	0.154827	0.155877	0.156927	0.157977	0.159027	0.160077	0.161127	0.162177	0.163227	0.164277	0.165327	0.166377	0.167427	0.168477	0.164639	0.160689	0.156739	0.152789	0.148839	0.144889	0.140939	0.136989	0.133039	0.129089	0.125139	0.121189	0.117239	0.113289	0.109339	0.105389	0.101439	0.097489	0.093539	0.089589	0.085639	0.081689	0.077739	0.073789	0.069839	0.065889	0.061939	0.057989	0.054039	0.050089	0.046139	0.042189	0.038239	0.034289	0.030339	0.026389	0.022439	0.018489	0.014539	0.010589	0.006639	0.002689	0	0	0	0	0	0	0	0	0	0	0	0	0	0	0	0	0	0	0	0	0
0.115385	0.116485	0.117585	0.118732	0.119882	0.121032	0.122182	0.123332	0.124482	0.125632	0.126782	0.127932	0.129082	0.130232	0.131382	0.132532	0.133682	0.134832	0.135982	0.137132	0.138282	0.139432	0.140582	0.141732	0.142882	0.144032	0.145182	0.146332	0.147482	0.148632	0.149782	0.150932	0.152082	0.153232	0.154382	0.155532	0.156682	0.157832	0.158982	0.157349	0.153499	0.149649	0.145799	0.141949	0.138099	0.134249	0.130399	0.126549	0.122699	0.118849	0.114999	0.111149	0.107299	0.103449	0.099599	0.095749	0.091899	0.088049	0.084199	0.080349	0.076499	0.072649	0.068799	0.064949	0.061099	0.057249	0.053399	0.049549	0.045699	0.041849	0.037999	0.034149	0.030299	0.026449	0.022599	0.018749	0.014899	0.011049	0.007199	0.003349	0	0	0	0	0	0	0	0	0	0	0	0	0	0	0	0	0	0	0	0	0
0.1	0.1012	0.1024	0.1036	0.1048	0.106	0.107229	0.108479	0.109729	0.110979	0.112229	0.113479	0.114729	0.115979	0.117229	0.118479	0.119729	0.120979	0.122229	0.123479	0.124729	0.125979	0.127229	0.128479	0.129729	0.130979	0.132229	0.133479	0.134729	0.135979	0.137229	0.138479	0.139729	0.140979	0.142229	0.143479	0.144729	0.145979	0.147229	0.148479	0.149656	0.145906	0.142156	0.138406	0.134656	0.130906	0.127156	0.123406	0.119656	0.115906	0.112156	0.108406	0.104656	0.100906	0.097156	0.093406	0.089656	0.085906	0.082156	0.078406	0.074656	0.070906	0.067156	0.063406	0.059656	0.055906	0.052156	0.048406	0.044656	0.040906	0.037156	0.033406	0.029656	0.025906	0.022156	0.018406	0.014656	0.010906	0.007156	0.003406	0	0	0	0	0	0	0	0	0	0	0	0	0	0	0	0	0	0	0	0	0
0.083333	0.084633	0.085933	0.087278	0.088628	0.089978	0.091328	0.092678	0.094028	0.095378	0.096728	0.098078	0.099428	0.100778	0.102128	0.103478	0.104828	0.106178	0.107528	0.108878	0.110228	0.111578	0.112928	0.114278	0.115628	0.116978	0.118328	0.119678	0.121028	0.122378	0.123728	0.125078	0.126428	0.127778	0.129128	0.130478	0.131828	0.133178	0.134528	0.135878	0.137228	0.138578	0.138152	0.134502	0.130852	0.127202	0.123552	0.119902	0.116252	0.112602	0.108952	0.105302	0.101652	0.098002	0.094352	0.090702	0.087052	0.083402	0.079752	0.076102	0.072452	0.068802	0.065152	0.061502	0.057852	0.054202	0.050552	0.046902	0.043252	0.039602	0.035952	0.032302	0.028652	0.025002	0.021352	0.017702	0.014052	0.010402	0.006752	0.003102	0	0	0	0	0	0	0	0	0	0	0	0	0	0	0	0	0	0	0	0	0
0.065217	0.066665	0.068115	0.069565	0.071015	0.072465	0.073915	0.075365	0.076815	0.078265	0.079715	0.081165	0.082615	0.084065	0.085515	0.086965	0.088415	0.089865	0.091315	0.092765	0.094215	0.095665	0.097115	0.098565	0.100015	0.101465	0.102915	0.104365	0.105815	0.107265	0.108715	0.110165	0.111615	0.113065	0.114515	0.115965	0.117415	0.118865	0.120315	0.121765	0.123215	0.124665	0.126115	0.127565	0.126339	0.122789	0.119239	0.115689	0.112139	0.108589	0.105039	0.101489	0.097939	0.094389	0.090839	0.087289	0.083739	0.080189	0.076639	0.073089	0.069539	0.065989	0.062439	0.058889	0.055339	0.051789	0.048239	0.044689	0.041139	0.037589	0.034039	0.030532	0.027032	0.023532	0.020032	0.016532	0.013032	0.009532	0.006032	0.002532	0	0	0	0	0	0	0	0	0	0	0	0	0	0	0	0	0	0	0	0	0
0.045455	0.047005	0.048555	0.050105	0.051655	0.053205	0.054755	0.056305	0.057855	0.059405	0.060955	0.062505	0.064055	0.065605	0.067155	0.068705	0.070255	0.071805	0.073355	0.074905	0.076466	0.078066	0.079666	0.081266	0.082866	0.084466	0.086066	0.087666	0.089266	0.090866	0.092466	0.094066	0.095666	0.097266	0.098866	0.100466	0.102066	0.103666	0.105266	0.106866	0.108466	0.110066	0.111666	0.113266	0.114866	0.116466	0.115333	0.111933	0.108533	0.105133	0.101733	0.098333	0.094933	0.091533	0.088133	0.084733	0.081333	0.077933	0.074533	0.071133	0.067733	0.064333	0.060933	0.057533	0.054133	0.050733	0.047333	0.043933	0.040533	0.037133	0.033733	0.030333	0.026933	0.023533	0.020133	0.016733	0.013333	0.009933	0.006533	0.003133	0	0	0	0	0	0	0	0	0	0	0	0	0	0	0	0	0	0	0	0	0
0.02381	0.025509	0.027209	0.028909	0.030609	0.032309	0.034009	0.035709	0.037409	0.039109	0.040809	0.042509	0.044209	0.045909	0.047609	0.049309	0.051009	0.052709	0.054409	0.056109	0.057809	0.059509	0.061209	0.062909	0.064609	0.066309	0.068009	0.069709	0.071409	0.073109	0.074809	0.076509	0.078209	0.079909	0.081609	0.083309	0.085009	0.086709	0.088409	0.090109	0.091809	0.093509	0.095209	0.096909	0.098609	0.100309	0.102009	0.103709	0.103334	0.100048	0.096798	0.093548	0.090298	0.087048	0.083798	0.080548	0.077298	0.074048	0.070798	0.067548	0.064298	0.061048	0.057798	0.054548	0.051298	0.048048	0.044798	0.041548	0.038298	0.035048	0.031798	0.028548	0.025298	0.022048	0.018798	0.015548	0.012298	0.009048	0.005798	0.002548	0	0	0	0	0	0	0	0	0	0	0	0	0	0	0	0	0	0	0	0	0
0.000165	0.002014	0.003864	0.005714	0.007564	0.009414	0.011264	0.013114	0.014964	0.016814	0.018664	0.020514	0.022364	0.024214	0.026064	0.027914	0.029764	0.031614	0.033464	0.035314	0.037164	0.039014	0.040864	0.042714	0.044564	0.046414	0.048264	0.050114	0.051964	0.053814	0.055664	0.057514	0.059364	0.061214	0.063064	0.064914	0.066764	0.068614	0.070464	0.072314	0.074164	0.076014	0.077864	0.079714	0.081564	0.083414	0.085264	0.087114	0.088964	0.090814	0.092493	0.089393	0.086293	0.083193	0.080093	0.076993	0.073893	0.070793	0.067693	0.064593	0.061493	0.058393	0.055293	0.052193	0.049093	0.045993	0.042893	0.039793	0.036693	0.033593	0.030493	0.027393	0.024293	0.021193	0.018093	0.014993	0.011893	0.008793	0.005693	0.002593	0	0	0	0	0	0	0	0	0	0	0	0	0	0	0	0	0	0	0	0	0
0	0.001767	0.003517	0.005267	0.007017	0.008767	0.010517	0.012267	0.014017	0.015767	0.017517	0.019267	0.021017	0.022767	0.024517	0.026267	0.028017	0.029767	0.031517	0.033267	0.035017	0.036767	0.038556	0.040356	0.042156	0.043956	0.045756	0.047556	0.049356	0.051156	0.052956	0.054756	0.056556	0.058356	0.060156	0.061956	0.063756	0.065556	0.067356	0.069156	0.070956	0.072756	0.074556	0.076356	0.078156	0.079956	0.081756	0.083556	0.085356	0.087156	0.08825	0.0853	0.08235	0.0794	0.07645	0.0735	0.07055	0.0676	0.06465	0.0617	0.05875	0.0558	0.05285	0.0499	0.04695	0.044	0.04105	0.0381	0.03515	0.0322	0.02925	0.0263	0.02335	0.0204	0.01745	0.0145	0.01155	0.0086	0.00565	0.0027	0	0	0	0	0	0	0	0	0	0	0	0	0	0	0	0	0	0	0	0	0
0	0.001698	0.003365	0.005015	0.006665	0.008315	0.009965	0.011615	0.013265	0.014915	0.016565	0.018215	0.019865	0.021515	0.023165	0.024815	0.026465	0.028115	0.029765	0.031415	0.033065	0.034715	0.036365	0.038015	0.039665	0.041315	0.042965	0.044615	0.046265	0.047915	0.049565	0.051215	0.052865	0.054515	0.056165	0.057815	0.059465	0.061115	0.062765	0.064415	0.066065	0.067715	0.069365	0.071015	0.072665	0.074315	0.075965	0.077615	0.079265	0.080915	0.082206	0.079406	0.076606	0.073819	0.071069	0.068319	0.065569	0.062819	0.060069	0.057319	0.054569	0.051819	0.049069	0.046319	0.043569	0.040819	0.038069	0.035319	0.032569	0.029819	0.027069	0.024319	0.021569	0.018819	0.016069	0.013319	0.010569	0.007819	0.005069	0.002319	0	0	0	0	0	0	0	0	0	0	0	0	0	0	0	0	0	0	0	0	0
0	0.00155	0.0031	0.00465	0.0062	0.00775	0.0093	0.01085	0.0124	0.01395	0.0155	0.01705	0.0186	0.02015	0.0217	0.02325	0.0248	0.02635	0.0279	0.02945	0.031	0.03255	0.0341	0.035601	0.037101	0.038601	0.040101	0.041601	0.043101	0.044601	0.046101	0.047601	0.049101	0.050601	0.052101	0.053601	0.055101	0.056601	0.058101	0.059601	0.061101	0.062601	0.064101	0.065601	0.067115	0.068665	0.070215	0.071765	0.073315	0.074865	0.076106	0.073556	0.071006	0.068456	0.065906	0.063356	0.060806	0.058256	0.055706	0.053156	0.050606	0.048056	0.045506	0.042956	0.040406	0.037856	0.035306	0.032756	0.030206	0.027656	0.025106	0.022556	0.020006	0.017456	0.014906	0.012356	0.009806	0.007256	0.004706	0.002156	0	0	0	0	0	0	0	0	0	0	0	0	0	0	0	0	0	0	0	0	0
0	0.0014	0.0028	0.004224	0.005631	0.007031	0.008431	0.009831	0.011231	0.012631	0.014031	0.015431	0.016831	0.018231	0.019631	0.021031	0.022431	0.023831	0.025231	0.026631	0.028031	0.029431	0.030831	0.032231	0.033631	0.035031	0.036431	0.037831	0.039231	0.040631	0.042031	0.043431	0.044831	0.046231	0.047631	0.049031	0.050431	0.051831	0.053231	0.054631	0.056031	0.057431	0.058831	0.060231	0.061631	0.063031	0.064431	0.065831	0.067231	0.068631	0.069855	0.067505	0.065155	0.062805	0.060455	0.058105	0.055755	0.053405	0.051055	0.048705	0.046355	0.044005	0.041655	0.039305	0.036955	0.034605	0.032255	0.029905	0.027555	0.025205	0.022855	0.020505	0.018155	0.015805	0.013455	0.011105	0.008755	0.006416	0.004116	0.001816	0	0	0	0	0	0	0	0	0	0	0	0	0	0	0	0	0	0	0	0	0
0	0.001245	0.002495	0.003745	0.004995	0.006245	0.007495	0.008745	0.009995	0.011245	0.012495	0.013745	0.014995	0.016245	0.017495	0.018745	0.019995	0.021245	0.022495	0.023745	0.024995	0.026245	0.027495	0.028745	0.029995	0.031245	0.032495	0.033745	0.034995	0.036245	0.037495	0.038745	0.039995	0.041245	0.042495	0.043745	0.044995	0.046245	0.047495	0.048745	0.049995	0.051245	0.052475	0.053675	0.054875	0.056075	0.057275	0.058475	0.059675	0.060875	0.061637	0.059537	0.057437	0.055337	0.053237	0.051137	0.049037	0.046937	0.044837	0.042751	0.040701	0.038651	0.036601	0.034551	0.032501	0.030451	0.028401	0.026351	0.024301	0.022251	0.020201	0.018151	0.016101	0.014051	0.012001	0.009951	0.007901	0.005851	0.003801	0.001751	0	0	0	0	0	0	0	0	0	0	0	0	0	0	0	0	0	0	0	0	0
0	0.001059	0.002159	0.003259	0.004359	0.005459	0.006559	0.007646	0.008696	0.009746	0.010796	0.011846	0.012896	0.013946	0.014996	0.016046	0.017096	0.018146	0.019196	0.020246	0.021296	0.022346	0.023396	0.024446	0.025496	0.026546	0.027596	0.028646	0.029696	0.030746	0.031796	0.032846	0.033896	0.034946	0.035996	0.037046	0.038096	0.039146	0.040196	0.041246	0.042296	0.043346	0.044396	0.045446	0.046496	0.047546	0.048596	0.049646	0.050696	0.051746	0.052765	0.051008	0.049208	0.047408	0.045608	0.043808	0.042008	0.040208	0.038408	0.036608	0.034808	0.033008	0.03125	0.0295	0.02775	0.026	0.02425	0.0225	0.02075	0.019	0.01725	0.0155	0.01375	0.012	0.01025	0.0085	0.00675	0.005	0.00325	0.0015	0	0	0	0	0	0	0	0	0	0	0	0	0	0	0	0	0	0	0	0	0
0	0.000851	0.001701	0.002558	0.003458	0.004358	0.005258	0.006145	0.006995	0.007845	0.008695	0.009545	0.010395	0.011245	0.012095	0.012945	0.013795	0.014645	0.015495	0.016345	0.017195	0.018045	0.018895	0.019745	0.020595	0.021445	0.022295	0.023145	0.023995	0.024845	0.025695	0.026545	0.027395	0.028245	0.029095	0.029945	0.030795	0.031645	0.032495	0.033345	0.034195	0.035045	0.035895	0.036745	0.037595	0.038445	0.039295	0.040145	0.040995	0.041845	0.042541	0.041141	0.039741	0.038341	0.036938	0.035488	0.034038	0.032588	0.031138	0.029688	0.028238	0.026788	0.025338	0.023888	0.022438	0.020988	0.019538	0.018088	0.016638	0.015188	0.013787	0.012387	0.010987	0.009587	0.008187	0.006787	0.005387	0.003987	0.002587	0.001187	0	0	0	0	0	0	0	0	0	0	0	0	0	0	0	0	0	0	0	0	0
0	0.000604	0.001204	0.001804	0.002454	0.003104	0.003754	0.004404	0.005054	0.005704	0.006354	0.007004	0.007654	0.008304	0.008906	0.009506	0.010106	0.010706	0.011306	0.011906	0.012506	0.013106	0.013706	0.014306	0.014906	0.015506	0.016106	0.016706	0.017306	0.017906	0.018506	0.019106	0.019706	0.020306	0.020906	0.021506	0.022106	0.022706	0.023306	0.023906	0.024506	0.025106	0.025706	0.026306	0.026906	0.027506	0.028106	0.028706	0.029306	0.029906	0.030315	0.029315	0.028315	0.027315	0.026315	0.025315	0.024315	0.023315	0.02228	0.02123	0.02018	0.01913	0.01808	0.01703	0.01598	0.01493	0.01388	0.012863	0.011863	0.010863	0.009863	0.008863	0.007863	0.006863	0.005863	0.004863	0.003863	0.002863	0.001863	0.000863	0	0	0	0	0	0	0	0	0	0	0	0	0	0	0	0	0	0	0	0	0
0	0.000346	0.000696	0.001046	0.001396	0.001746	0.002096	0.002421	0.002721	0.003021	0.003321	0.003621	0.003921	0.004221	0.004521	0.004821	0.005121	0.005421	0.005721	0.006021	0.006321	0.006621	0.006921	0.007221	0.007521	0.007821	0.008121	0.008421	0.008721	0.009021	0.009321	0.009651	0.010001	0.010351	0.010701	0.011051	0.011401	0.011751	0.012101	0.012451	0.012801	0.013151	0.013501	0.013851	0.014201	0.014551	0.014901	0.015251	0.015601	0.015951	0.015872	0.015372	0.014872	0.014372	0.013872	0.013372	0.012872	0.012372	0.011872	0.011372	0.010872	0.010372	0.009824	0.009274	0.008724	0.008174	0.007624	0.007074	0.006524	0.005974	0.005424	0.004874	0.004324	0.003774	0.003224	0.002674	0.002124	0.001574	0.001024	0.000474	0	0	0	0	0	0	0	0	0	0	0	0	0	0	0	0	0	0	0	0	0
0	1e-06	1e-06	1e-06	1e-06	1e-06	1e-06	1e-06	1e-06	1e-06	0	0	0	0	0	0	0	0	0	0	0	0	0	0	0	0	0	0	0	0	0	0	0	0	0	0	0	0	0	0	0	0	0	0	0	0	0	0	0	0	0	0	0	0	0	0	0	0	0	0	0	0	0	0	0	0	0	0	0	0	0	0	0	0	0	0	0	0	0	0	0	0	0	0	0	0	0	0	0	0	0	0	0	0	0	0	0	0	0	0	0
0	0	0	0	0	0	0	0	0	0	0	0	0	0	0	0	0	0	0	0	0	0	0	0	0	0	0	0	0	0	0	0	0	0	0	0	0	0	0	0	0	0	0	0	0	0	0	0	0	0	0	0	0	0	0	0	0	0	0	0	0	0	0	0	0	0	0	0	0	0	0	0	0	0	0	0	0	0	0	0	0	0	0	0	0	0	0	0	0	0	0	0	0	0	0	0	0	0	0	0	0
0	0	0	0	0	0	0	0	0	0	0	0	0	0	0	0	0	0	0	0	0	0	0	0	0	0	0	0	0	0	0	0	0	0	0	0	0	0	0	0	0	0	0	0	0	0	0	0	0	0	0	0	0	0	0	0	0	0	0	0	0	0	0	0	0	0	0	0	0	0	0	0	0	0	0	0	0	0	0	0	0	0	0	0	0	0	0	0	0	0	0	0	0	0	0	0	0	0	0	0	0
0	0	0	0	0	0	0	0	0	0	0	0	0	0	0	0	0	0	0	0	0	0	0	0	0	0	0	0	0	0	0	0	0	0	0	0	0	0	0	0	0	0	0	0	0	0	0	0	0	0	0	0	0	0	0	0	0	0	0	0	0	0	0	0	0	0	0	0	0	0	0	0	0	0	0	0	0	0	0	0	0	0	0	0	0	0	0	0	0	0	0	0	0	0	0	0	0	0	0	0	0
0	0	0	0	0	0	0	0	0	0	0	0	0	0	0	0	0	0	0	0	0	0	0	0	0	0	0	0	0	0	0	0	0	0	0	0	0	0	0	0	0	0	0	0	0	0	0	0	0	0	0	0	0	0	0	0	0	0	0	0	0	0	0	0	0	0	0	0	0	0	0	0	0	0	0	0	0	0	0	0	0	0	0	0	0	0	0	0	0	0	0	0	0	0	0	0	0	0	0	0	0
0	0	0	0	0	0	0	0	0	0	0	0	0	0	0	0	0	0	0	0	0	0	0	0	0	0	0	0	0	0	0	0	0	0	0	0	0	0	0	0	0	0	0	0	0	0	0	0	0	0	0	0	0	0	0	0	0	0	0	0	0	0	0	0	0	0	0	0	0	0	0	0	0	0	0	0	0	0	0	0	0	0	0	0	0	0	0	0	0	0	0	0	0	0	0	0	0	0	0	0	0
0	0	0	0	0	0	0	0	0	0	0	0	0	0	0	0	0	0	0	0	0	0	0	0	0	0	0	0	0	0	0	0	0	0	0	0	0	0	0	0	0	0	0	0	0	0	0	0	0	0	0	0	0	0	0	0	0	0	0	0	0	0	0	0	0	0	0	0	0	0	0	0	0	0	0	0	0	0	0	0	0	0	0	0	0	0	0	0	0	0	0	0	0	0	0	0	0	0	0	0	0
0	0	0	0	0	0	0	0	0	0	0	0	0	0	0	0	0	0	0	0	0	0	0	0	0	0	0	0	0	0	0	0	0	0	0	0	0	0	0	0	0	0	0	0	0	0	0	0	0	0	0	0	0	0	0	0	0	0	0	0	0	0	0	0	0	0	0	0	0	0	0	0	0	0	0	0	0	0	0	0	0	0	0	0	0	0	0	0	0	0	0	0	0	0	0	0	0	0	0	0	0
0	0	0	0	0	0	0	0	0	0	0	0	0	0	0	0	0	0	0	0	0	0	0	0	0	0	0	0	0	0	0	0	0	0	0	0	0	0	0	0	0	0	0	0	0	0	0	0	0	0	0	0	0	0	0	0	0	0	0	0	0	0	0	0	0	0	0	0	0	0	0	0	0	0	0	0	0	0	0	0	0	0	0	0	0	0	0	0	0	0	0	0	0	0	0	0	0	0	0	0	0
0	0	0	0	0	0	0	0	0	0	0	0	0	0	0	0	0	0	0	0	0	0	0	0	0	0	0	0	0	0	0	0	0	0	0	0	0	0	0	0	0	0	0	0	0	0	0	0	0	0	0	0	0	0	0	0	0	0	0	0	0	0	0	0	0	0	0	0	0	0	0	0	0	0	0	0	0	0	0	0	0	0	0	0	0	0	0	0	0	0	0	0	0	0	0	0	0	0	0	0	0
0	0	0	0	0	0	0	0	0	0	0	0	0	0	0	0	0	0	0	0	0	0	0	0	0	0	0	0	0	0	0	0	0	0	0	0	0	0	0	0	0	0	0	0	0	0	0	0	0	0	0	0	0	0	0	0	0	0	0	0	0	0	0	0	0	0	0	0	0	0	0	0	0	0	0	0	0	0	0	0	0	0	0	0	0	0	0	0	0	0	0	0	0	0	0	0	0	0	0	0	0
