0	0	0	0	0	0	0	0	0	0	0	0	0	0	0	0	0	0	0	0	0	0	0	0	0	0	0	0	0	0	0	0	0	0	0	0	0	0	0	0	0	0	0	0	0	0	0	0	0	0	0	0	0	0	0	0	0	0	0	0	0	0	0	0	0	0	0	0	0	0	0	0	0	0	0	0	0	0	0	0	0	0	0	0	0	0	0	0	0	0	0	0	0	0	0	0	0	0	0	0	0
0.005991	0.002991	0	0	0	0	0	0	0	0	0	0	0	0	0	0	0	0	0	0	0	0	0	0	0	0	0	0	0	0	0	0	0	0	0	0	0	0	0	0	0	0	0	0	0	0	0	0	0	0	0	0	0	0	0	0	0	0	0	0	0	0	0	0	0	0	0	0	0	0	0	0	0	0	0	0	0	0	0	0	0	0	0	0	0	0	0	0	0	0	0	0	0	0	0	0	0	0	0	0	0
0.011981	0.010981	0.005981	0.000981	0	0	0	0	0	0	0	0	0	0	0	0	0	0	0	0	0	0	0	0	0	0	0	0	0	0	0	0	0	0	0	0	0	0	0	0	0	0	0	0	0	0	0	0	0	0	0	0	0	0	0	0	0	0	0	0	0	0	0	0	0	0	0	0	0	0	0	0	0	0	0	0	0	0	0	0	0	0	0	0	0	0	0	0	0	0	0	0	0	0	0	0	0	0	0	0	0
0.017972	0.017972	0.013972	0.008972	0.003972	0	0	0	0	0	0	0	0	0	0	0	0	0	0	0	0	0	0	0	0	0	0	0	0	0	0	0	0	0	0	0	0	0	0	0	0	0	0	0	0	0	0	0	0	0	0	0	0	0	0	0	0	0	0	0	0	0	0	0	0	0	0	0	0	0	0	0	0	0	0	0	0	0	0	0	0	0	0	0	0	0	0	0	0	0	0	0	0	0	0	0	0	0	0	0	0
0.023963	0.023963	0.021962	0.016962	0.011962	0.006962	0.001962	0	0	0	0	0	0	0	0	0	0	0	0	0	0	0	0	0	0	0	0	0	0	0	0	0	0	0	0	0	0	0	0	0	0	0	0	0	0	0	0	0	0	0	0	0	0	0	0	0	0	0	0	0	0	0	0	0	0	0	0	0	0	0	0	0	0	0	0	0	0	0	0	0	0	0	0	0	0	0	0	0	0	0	0	0	0	0	0	0	0	0	0	0	0
0.029954	0.029954	0.029953	0.024953	0.019953	0.014953	0.009953	0.004953	0	0	0	0	0	0	0	0	0	0	0	0	0	0	0	0	0	0	0	0	0	0	0	0	0	0	0	0	0	0	0	0	0	0	0	0	0	0	0	0	0	0	0	0	0	0	0	0	0	0	0	0	0	0	0	0	0	0	0	0	0	0	0	0	0	0	0	0	0	0	0	0	0	0	0	0	0	0	0	0	0	0	0	0	0	0	0	0	0	0	0	0	0
0.035944	0.035944	0.035944	0.032943	0.027943	0.022943	0.017943	0.012943	0.007943	0.002943	0	0	0	0	0	0	0	0	0	0	0	0	0	0	0	0	0	0	0	0	0	0	0	0	0	0	0	0	0	0	0	0	0	0	0	0	0	0	0	0	0	0	0	0	0	0	0	0	0	0	0	0	0	0	0	0	0	0	0	0	0	0	0	0	0	0	0	0	0	0	0	0	0	0	0	0	0	0	0	0	0	0	0	0	0	0	0	0	0	0	0
0.041935	0.041935	0.041935	0.040934	0.035934	0.030934	0.025934	0.020934	0.015934	0.010934	0.005934	0.000934	0	0	0	0	0	0	0	0	0	0	0	0	0	0	0	0	0	0	0	0	0	0	0	0	0	0	0	0	0	0	0	0	0	0	0	0	0	0	0	0	0	0	0	0	0	0	0	0	0	0	0	0	0	0	0	0	0	0	0	0	0	0	0	0	0	0	0	0	0	0	0	0	0	0	0	0	0	0	0	0	0	0	0	0	0	0	0	0	0
0.047926	0.047926	0.047926	0.047926	0.043924	0.038924	0.033924	0.028924	0.023924	0.018924	0.013924	0.008924	0.003924	0	0	0	0	0	0	0	0	0	0	0	0	0	0	0	0	0	0	0	0	0	0	0	0	0	0	0	0	0	0	0	0	0	0	0	0	0	0	0	0	0	0	0	0	0	0	0	0	0	0	0	0	0	0	0	0	0	0	0	0	0	0	0	0	0	0	0	0	0	0	0	0	0	0	0	0	0	0	0	0	0	0	0	0	0	0	0	0
0.053917	0.053917	0.053917	0.053917	0.051915	0.046915	0.041915	0.036915	0.031915	0.026915	0.021915	0.016915	0.011915	0.006915	0.001915	0	0	0	0	0	0	0	0	0	0	0	0	0	0	0	0	0	0	0	0	0	0	0	0	0	0	0	0	0	0	0	0	0	0	0	0	0	0	0	0	0	0	0	0	0	0	0	0	0	0	0	0	0	0	0	0	0	0	0	0	0	0	0	0	0	0	0	0	0	0	0	0	0	0	0	0	0	0	0	0	0	0	0	0	0	0
0.059907	0.059907	0.059907	0.059907	0.059905	0.054905	0.049905	0.044905	0.039905	0.034905	0.029905	0.024905	0.019905	0.014905	0.009905	0.004905	0	0	0	0	0	0	0	0	0	0	0	0	0	0	0	0	0	0	0	0	0	0	0	0	0	0	0	0	0	0	0	0	0	0	0	0	0	0	0	0	0	0	0	0	0	0	0	0	0	0	0	0	0	0	0	0	0	0	0	0	0	0	0	0	0	0	0	0	0	0	0	0	0	0	0	0	0	0	0	0	0	0	0	0	0
0.065898	0.065898	0.065898	0.065898	0.065898	0.062896	0.057896	0.052896	0.047896	0.042896	0.037896	0.032896	0.027896	0.022896	0.017896	0.012896	0.007896	0.002896	0	0	0	0	0	0	0	0	0	0	0	0	0	0	0	0	0	0	0	0	0	0	0	0	0	0	0	0	0	0	0	0	0	0	0	0	0	0	0	0	0	0	0	0	0	0	0	0	0	0	0	0	0	0	0	0	0	0	0	0	0	0	0	0	0	0	0	0	0	0	0	0	0	0	0	0	0	0	0	0	0	0	0
0.071889	0.071889	0.071889	0.071889	0.071889	0.070886	0.065886	0.060886	0.055886	0.050886	0.045886	0.040886	0.035886	0.030886	0.025886	0.020886	0.015886	0.010886	0.005886	0.000886	0	0	0	0	0	0	0	0	0	0	0	0	0	0	0	0	0	0	0	0	0	0	0	0	0	0	0	0	0	0	0	0	0	0	0	0	0	0	0	0	0	0	0	0	0	0	0	0	0	0	0	0	0	0	0	0	0	0	0	0	0	0	0	0	0	0	0	0	0	0	0	0	0	0	0	0	0	0	0	0	0
0.07788	0.07788	0.07788	0.07788	0.07788	0.07788	0.073877	0.068877	0.063877	0.058877	0.053877	0.048877	0.043877	0.038877	0.033877	0.028877	0.023877	0.018877	0.013877	0.008877	0.003877	0	0	0	0	0	0	0	0	0	0	0	0	0	0	0	0	0	0	0	0	0	0	0	0	0	0	0	0	0	0	0	0	0	0	0	0	0	0	0	0	0	0	0	0	0	0	0	0	0	0	0	0	0	0	0	0	0	0	0	0	0	0	0	0	0	0	0	0	0	0	0	0	0	0	0	0	0	0	0	0
0.08387	0.08387	0.08387	0.08387	0.08387	0.08387	0.081867	0.076867	0.071867	0.066867	0.061867	0.056867	0.051867	0.046867	0.041867	0.036867	0.031867	0.026867	0.021867	0.016867	0.011867	0.006867	0.001867	0	0	0	0	0	0	0	0	0	0	0	0	0	0	0	0	0	0	0	0	0	0	0	0	0	0	0	0	0	0	0	0	0	0	0	0	0	0	0	0	0	0	0	0	0	0	0	0	0	0	0	0	0	0	0	0	0	0	0	0	0	0	0	0	0	0	0	0	0	0	0	0	0	0	0	0	0	0
0.089861	0.089861	0.089861	0.089861	0.089861	0.089861	0.089858	0.084858	0.079858	0.074858	0.069858	0.064858	0.059858	0.054858	0.049858	0.044858	0.039858	0.034858	0.029858	0.024858	0.019858	0.014858	0.009858	0.004858	0	0	0	0	0	0	0	0	0	0	0	0	0	0	0	0	0	0	0	0	0	0	0	0	0	0	0	0	0	0	0	0	0	0	0	0	0	0	0	0	0	0	0	0	0	0	0	0	0	0	0	0	0	0	0	0	0	0	0	0	0	0	0	0	0	0	0	0	0	0	0	0	0	0	0	0	0
0.095852	0.095852	0.095852	0.095852	0.095852	0.095852	0.095852	0.092848	0.087848	0.082848	0.077848	0.072848	0.067848	0.062848	0.057848	0.052848	0.047848	0.042848	0.037848	0.032848	0.027848	0.022848	0.017848	0.012848	0.007848	0.002848	0	0	0	0	0	0	0	0	0	0	0	0	0	0	0	0	0	0	0	0	0	0	0	0	0	0	0	0	0	0	0	0	0	0	0	0	0	0	0	0	0	0	0	0	0	0	0	0	0	0	0	0	0	0	0	0	0	0	0	0	0	0	0	0	0	0	0	0	0	0	0	0	0	0	0
0.101843	0.101843	0.101843	0.101843	0.101843	0.101843	0.101843	0.100839	0.095839	0.090839	0.085839	0.080839	0.075839	0.070839	0.065839	0.060839	0.055839	0.050839	0.045839	0.040839	0.035839	0.030839	0.025839	0.020839	0.015839	0.010839	0.005839	0.000839	0	0	0	0	0	0	0	0	0	0	0	0	0	0	0	0	0	0	0	0	0	0	0	0	0	0	0	0	0	0	0	0	0	0	0	0	0	0	0	0	0	0	0	0	0	0	0	0	0	0	0	0	0	0	0	0	0	0	0	0	0	0	0	0	0	0	0	0	0	0	0	0	0
0.107833	0.107833	0.107833	0.107833	0.107833	0.107833	0.107833	0.107833	0.103829	0.098829	0.093829	0.088829	0.083829	0.078829	0.073829	0.068829	0.063829	0.058829	0.053829	0.048829	0.043829	0.038829	0.033829	0.028829	0.023829	0.018829	0.013829	0.008829	0.003829	0	0	0	0	0	0	0	0	0	0	0	0	0	0	0	0	0	0	0	0	0	0	0	0	0	0	0	0	0	0	0	0	0	0	0	0	0	0	0	0	0	0	0	0	0	0	0	0	0	0	0	0	0	0	0	0	0	0	0	0	0	0	0	0	0	0	0	0	0	0	0	0
0.113824	0.113824	0.113824	0.113824	0.113824	0.113824	0.113824	0.113824	0.11182	0.10682	0.10182	0.09682	0.09182	0.08682	0.08182	0.07682	0.07182	0.06682	0.06182	0.05682	0.05182	0.04682	0.04182	0.03682	0.03182	0.02682	0.02182	0.01682	0.01182	0.00682	0.00182	0	0	0	0	0	0	0	0	0	0	0	0	0	0	0	0	0	0	0	0	0	0	0	0	0	0	0	0	0	0	0	0	0	0	0	0	0	0	0	0	0	0	0	0	0	0	0	0	0	0	0	0	0	0	0	0	0	0	0	0	0	0	0	0	0	0	0	0	0	0
0.119815	0.119815	0.119815	0.119815	0.119815	0.119815	0.119815	0.119815	0.11981	0.11481	0.10981	0.10481	0.09981	0.09481	0.08981	0.08481	0.07981	0.07481	0.06981	0.06481	0.05981	0.05481	0.04981	0.04481	0.03981	0.03481	0.02981	0.02481	0.01981	0.01481	0.00981	0.00481	0	0	0	0	0	0	0	0	0	0	0	0	0	0	0	0	0	0	0	0	0	0	0	0	0	0	0	0	0	0	0	0	0	0	0	0	0	0	0	0	0	0	0	0	0	0	0	0	0	0	0	0	0	0	0	0	0	0	0	0	0	0	0	0	0	0	0	0	0
0.125806	0.125806	0.125806	0.125806	0.125806	0.125806	0.125806	0.125806	0.125806	0.122801	0.117801	0.112801	0.107801	0.102801	0.097801	0.092801	0.087801	0.082801	0.077801	0.072801	0.067801	0.062801	0.057801	0.052801	0.047801	0.042801	0.037801	0.032801	0.027801	0.022801	0.017801	0.012801	0.007801	0.002801	0	0	0	0	0	0	0	0	0	0	0	0	0	0	0	0	0	0	0	0	0	0	0	0	0	0	0	0	0	0	0	0	0	0	0	0	0	0	0	0	0	0	0	0	0	0	0	0	0	0	0	0	0	0	0	0	0	0	0	0	0	0	0	0	0	0	0
0.131796	0.131796	0.131796	0.131796	0.131796	0.131796	0.131796	0.131796	0.131796	0.130792	0.125792	0.120792	0.115792	0.110792	0.105792	0.100792	0.095792	0.090792	0.085792	0.080792	0.075792	0.070792	0.065792	0.060792	0.055792	0.050792	0.045792	0.040792	0.035792	0.030792	0.025792	0.020792	0.015792	0.010792	0.005792	0.000792	0	0	0	0	0	0	0	0	0	0	0	0	0	0	0	0	0	0	0	0	0	0	0	0	0	0	0	0	0	0	0	0	0	0	0	0	0	0	0	0	0	0	0	0	0	0	0	0	0	0	0	0	0	0	0	0	0	0	0	0	0	0	0	0	0
0.137787	0.137787	0.137787	0.137787	0.137787	0.137787	0.137787	0.137787	0.137787	0.137787	0.133782	0.128782	0.123782	0.118782	0.113782	0.108782	0.103782	0.098782	0.093782	0.088782	0.083782	0.078782	0.073782	0.068782	0.063782	0.058782	0.053782	0.048782	0.043782	0.038782	0.033782	0.028782	0.023782	0.018782	0.013782	0.008782	0.003782	0	0	0	0	0	0	0	0	0	0	0	0	0	0	0	0	0	0	0	0	0	0	0	0	0	0	0	0	0	0	0	0	0	0	0	0	0	0	0	0	0	0	0	0	0	0	0	0	0	0	0	0	0	0	0	0	0	0	0	0	0	0	0	0
0.143778	0.143778	0.143778	0.143778	0.143778	0.143778	0.143778	0.143778	0.143778	0.143778	0.141773	0.136773	0.131773	0.126773	0.121773	0.116773	0.111773	0.106773	0.101773	0.096773	0.091773	0.086773	0.081773	0.076773	0.071773	0.066773	0.061773	0.056773	0.051773	0.046773	0.041773	0.036773	0.031773	0.026773	0.021773	0.016773	0.011773	0.006773	0.001773	0	0	0	0	0	0	0	0	0	0	0	0	0	0	0	0	0	0	0	0	0	0	0	0	0	0	0	0	0	0	0	0	0	0	0	0	0	0	0	0	0	0	0	0	0	0	0	0	0	0	0	0	0	0	0	0	0	0	0	0	0	0
0.149769	0.149769	0.149769	0.149769	0.149769	0.149769	0.149769	0.149769	0.149769	0.149769	0.149763	0.144763	0.139763	0.134763	0.129763	0.124763	0.119763	0.114763	0.109763	0.104763	0.099763	0.094763	0.089763	0.084763	0.079763	0.074763	0.069763	0.064763	0.059763	0.054763	0.049763	0.044763	0.039763	0.034763	0.029763	0.024763	0.019763	0.014763	0.009763	0.004763	0	0	0	0	0	0	0	0	0	0	0	0	0	0	0	0	0	0	0	0	0	0	0	0	0	0	0	0	0	0	0	0	0	0	0	0	0	0	0	0	0	0	0	0	0	0	0	0	0	0	0	0	0	0	0	0	0	0	0	0	0
0.155759	0.155759	0.155759	0.155759	0.155759	0.155759	0.155759	0.155759	0.155759	0.155759	0.155759	0.152754	0.147754	0.142754	0.137754	0.132754	0.127754	0.122754	0.117754	0.112754	0.107754	0.102754	0.097754	0.092754	0.087754	0.082754	0.077754	0.072754	0.067754	0.062754	0.057754	0.052754	0.047754	0.042754	0.037754	0.032754	0.027754	0.022754	0.017754	0.012754	0.007754	0.002754	0	0	0	0	0	0	0	0	0	0	0	0	0	0	0	0	0	0	0	0	0	0	0	0	0	0	0	0	0	0	0	0	0	0	0	0	0	0	0	0	0	0	0	0	0	0	0	0	0	0	0	0	0	0	0	0	0	0	0
0.16175	0.16175	0.16175	0.16175	0.16175	0.16175	0.16175	0.16175	0.16175	0.16175	0.16175	0.160744	0.155744	0.150744	0.145744	0.140744	0.135744	0.130744	0.125744	0.120744	0.115744	0.110744	0.105744	0.100744	0.095744	0.090744	0.085744	0.080744	0.075744	0.070744	0.065744	0.060744	0.055744	0.050744	0.045744	0.040744	0.035744	0.030744	0.025744	0.020744	0.015744	0.010744	0.005744	0.000744	0	0	0	0	0	0	0	0	0	0	0	0	0	0	0	0	0	0	0	0	0	0	0	0	0	0	0	0	0	0	0	0	0	0	0	0	0	0	0	0	0	0	0	0	0	0	0	0	0	0	0	0	0	0	0	0	0
0.167741	0.167741	0.167741	0.167741	0.167741	0.167741	0.167741	0.167741	0.167741	0.167741	0.167741	0.167741	0.163735	0.158735	0.153735	0.148735	0.143735	0.138735	0.133735	0.128735	0.123735	0.118735	0.113735	0.108735	0.103735	0.098735	0.093735	0.088735	0.083735	0.078735	0.073735	0.068735	0.063735	0.058735	0.053735	0.048735	0.043735	0.038735	0.033735	0.028735	0.023735	0.018735	0.013735	0.008735	0.003735	0	0	0	0	0	0	0	0	0	0	0	0	0	0	0	0	0	0	0	0	0	0	0	0	0	0	0	0	0	0	0	0	0	0	0	0	0	0	0	0	0	0	0	0	0	0	0	0	0	0	0	0	0	0	0	0
0.173732	0.173732	0.173732	0.173732	0.173732	0.173732	0.173732	0.173732	0.173732	0.173732	0.173732	0.173732	0.171725	0.166725	0.161725	0.156725	0.151725	0.146725	0.141725	0.136725	0.131725	0.126725	0.121725	0.116725	0.111725	0.106725	0.101725	0.096725	0.091725	0.086725	0.081725	0.076725	0.071725	0.066725	0.061725	0.056725	0.051725	0.046725	0.041725	0.036725	0.031725	0.026725	0.021725	0.016725	0.011725	0.006725	0.001725	0	0	0	0	0	0	0	0	0	0	0	0	0	0	0	0	0	0	0	0	0	0	0	0	0	0	0	0	0	0	0	0	0	0	0	0	0	0	0	0	0	0	0	0	0	0	0	0	0	0	0	0	0	0
0.179722	0.179722	0.179722	0.179722	0.179722	0.179722	0.179722	0.179722	0.179722	0.179722	0.179722	0.179722	0.179716	0.174716	0.169716	0.164716	0.159716	0.154716	0.149716	0.144716	0.139716	0.134716	0.129716	0.124716	0.119716	0.114716	0.109716	0.104716	0.099716	0.094716	0.089716	0.084716	0.079716	0.074716	0.069716	0.064716	0.059716	0.054716	0.049716	0.044716	0.039716	0.034716	0.029716	0.024716	0.019716	0.014716	0.009716	0.004716	0	0	0	0	0	0	0	0	0	0	0	0	0	0	0	0	0	0	0	0	0	0	0	0	0	0	0	0	0	0	0	0	0	0	0	0	0	0	0	0	0	0	0	0	0	0	0	0	0	0	0	0	0
0.185713	0.185713	0.185713	0.185713	0.185713	0.185713	0.185713	0.185713	0.185713	0.185713	0.185713	0.185713	0.185713	0.182706	0.177706	0.172706	0.167706	0.162706	0.157706	0.152706	0.147706	0.142706	0.137706	0.132706	0.127706	0.122706	0.117706	0.112706	0.107706	0.102706	0.097706	0.092706	0.087706	0.082706	0.077706	0.072706	0.067706	0.062706	0.057706	0.052706	0.047706	0.042706	0.037706	0.032706	0.027706	0.022706	0.017706	0.012706	0.007706	0.002706	0	0	0	0	0	0	0	0	0	0	0	0	0	0	0	0	0	0	0	0	0	0	0	0	0	0	0	0	0	0	0	0	0	0	0	0	0	0	0	0	0	0	0	0	0	0	0	0	0	0	0
0.191704	0.191704	0.191704	0.191704	0.191704	0.191704	0.191704	0.191704	0.191704	0.191704	0.191704	0.191704	0.191704	0.190697	0.185697	0.180697	0.175697	0.170697	0.165697	0.160697	0.155697	0.150697	0.145697	0.140697	0.135697	0.130697	0.125697	0.120697	0.115697	0.110697	0.105697	0.100697	0.095697	0.090697	0.085697	0.080697	0.075697	0.070697	0.065697	0.060697	0.055697	0.050697	0.045697	0.040697	0.035697	0.030697	0.025697	0.020697	0.015697	0.010697	0.005697	0.000697	0	0	0	0	0	0	0	0	0	0	0	0	0	0	0	0	0	0	0	0	0	0	0	0	0	0	0	0	0	0	0	0	0	0	0	0	0	0	0	0	0	0	0	0	0	0	0	0	0
0.197695	0.197695	0.197695	0.197695	0.197695	0.197695	0.197695	0.197695	0.197695	0.197695	0.197695	0.197695	0.197695	0.197695	0.193687	0.188687	0.183687	0.178687	0.173687	0.168687	0.163687	0.158687	0.153687	0.148687	0.143687	0.138687	0.133687	0.128687	0.123687	0.118687	0.113687	0.108687	0.103687	0.098687	0.093687	0.088687	0.083687	0.078687	0.073687	0.068687	0.063687	0.058687	0.053687	0.048687	0.043687	0.038687	0.033687	0.028687	0.023687	0.018687	0.013687	0.008687	0.003687	0	0	0	0	0	0	0	0	0	0	0	0	0	0	0	0	0	0	0	0	0	0	0	0	0	0	0	0	0	0	0	0	0	0	0	0	0	0	0	0	0	0	0	0	0	0	0	0
0.203685	0.203685	0.203685	0.203685	0.203685	0.203685	0.203685	0.203685	0.203685	0.203685	0.203685	0.203685	0.203685	0.203685	0.201678	0.196678	0.191678	0.186678	0.181678	0.176678	0.171678	0.166678	0.161678	0.156678	0.151678	0.146678	0.141678	0.136678	0.131678	0.126678	0.121678	0.116678	0.111678	0.106678	0.101678	0.096678	0.091678	0.086678	0.081678	0.076678	0.071678	0.066678	0.061678	0.056678	0.051678	0.046678	0.041678	0.036678	0.031678	0.026678	0.021678	0.016678	0.011678	0.006678	0.001678	0	0	0	0	0	0	0	0	0	0	0	0	0	0	0	0	0	0	0	0	0	0	0	0	0	0	0	0	0	0	0	0	0	0	0	0	0	0	0	0	0	0	0	0	0	0
0.209676	0.209676	0.209676	0.209676	0.209676	0.209676	0.209676	0.209676	0.209676	0.209676	0.209676	0.209676	0.209676	0.209676	0.209668	0.204668	0.199668	0.194668	0.189668	0.184668	0.179668	0.174668	0.169668	0.164668	0.159668	0.154668	0.149668	0.144668	0.139668	0.134668	0.129668	0.124668	0.119668	0.114668	0.109668	0.104668	0.099668	0.094668	0.089668	0.084668	0.079668	0.074668	0.069668	0.064668	0.059668	0.054668	0.049668	0.044668	0.039668	0.034668	0.029668	0.024668	0.019668	0.014668	0.009668	0.004668	0	0	0	0	0	0	0	0	0	0	0	0	0	0	0	0	0	0	0	0	0	0	0	0	0	0	0	0	0	0	0	0	0	0	0	0	0	0	0	0	0	0	0	0	0
0.215667	0.215667	0.215667	0.215667	0.215667	0.215667	0.215667	0.215667	0.215667	0.215667	0.215667	0.215667	0.215667	0.215667	0.215667	0.212659	0.207659	0.202659	0.197659	0.192659	0.187659	0.182659	0.177659	0.172659	0.167659	0.162659	0.157659	0.152659	0.147659	0.142659	0.137659	0.132659	0.127659	0.122659	0.117659	0.112659	0.107659	0.102659	0.097659	0.092659	0.087659	0.082659	0.077659	0.072659	0.067659	0.062659	0.057659	0.052659	0.047659	0.042659	0.037659	0.032659	0.027659	0.022659	0.017659	0.012659	0.007659	0.002659	0	0	0	0	0	0	0	0	0	0	0	0	0	0	0	0	0	0	0	0	0	0	0	0	0	0	0	0	0	0	0	0	0	0	0	0	0	0	0	0	0	0	0
0.221658	0.221658	0.221658	0.221658	0.221658	0.221658	0.221658	0.221658	0.221658	0.221658	0.221658	0.221658	0.221658	0.221658	0.221658	0.220649	0.215649	0.210649	0.205649	0.200649	0.195649	0.190649	0.185649	0.180649	0.175649	0.170649	0.165649	0.160649	0.155649	0.150649	0.145649	0.140649	0.135649	0.130649	0.125649	0.120649	0.115649	0.110649	0.105649	0.100649	0.095649	0.090649	0.085649	0.080649	0.075649	0.070649	0.065649	0.060649	0.055649	0.050649	0.045649	0.040649	0.035649	0.030649	0.025649	0.020649	0.015649	0.010649	0.005649	0.000649	0	0	0	0	0	0	0	0	0	0	0	0	0	0	0	0	0	0	0	0	0	0	0	0	0	0	0	0	0	0	0	0	0	0	0	0	0	0	0	0	0
0.227648	0.227648	0.227648	0.227648	0.227648	0.227648	0.227648	0.227648	0.227648	0.227648	0.227648	0.227648	0.227648	0.227648	0.227648	0.227648	0.22364	0.21864	0.21364	0.20864	0.20364	0.19864	0.19364	0.18864	0.18364	0.17864	0.17364	0.16864	0.16364	0.15864	0.15364	0.14864	0.14364	0.13864	0.13364	0.12864	0.12364	0.11864	0.11364	0.10864	0.10364	0.09864	0.09364	0.08864	0.08364	0.07864	0.07364	0.06864	0.06364	0.05864	0.05364	0.04864	0.04364	0.03864	0.03364	0.02864	0.02364	0.01864	0.01364	0.00864	0.00364	0	0	0	0	0	0	0	0	0	0	0	0	0	0	0	0	0	0	0	0	0	0	0	0	0	0	0	0	0	0	0	0	0	0	0	0	0	0	0	0
0.233639	0.233639	0.233639	0.233639	0.233639	0.233639	0.233639	0.233639	0.233639	0.233639	0.233639	0.233639	0.233639	0.233639	0.233639	0.233639	0.23163	0.22663	0.22163	0.21663	0.21163	0.20663	0.20163	0.19663	0.19163	0.18663	0.18163	0.17663	0.17163	0.16663	0.16163	0.15663	0.15163	0.14663	0.14163	0.13663	0.13163	0.12663	0.12163	0.11663	0.11163	0.10663	0.10163	0.09663	0.09163	0.08663	0.08163	0.07663	0.07163	0.06663	0.06163	0.05663	0.05163	0.04663	0.04163	0.03663	0.03163	0.02663	0.02163	0.01663	0.01163	0.00663	0.00163	0	0	0	0	0	0	0	0	0	0	0	0	0	0	0	0	0	0	0	0	0	0	0	0	0	0	0	0	0	0	0	0	0	0	0	0	0	0
0.23963	0.23963	0.23963	0.23963	0.23963	0.23963	0.23963	0.23963	0.23963	0.23963	0.23963	0.23963	0.23963	0.23963	0.23963	0.23963	0.239621	0.234621	0.229621	0.224621	0.219621	0.214621	0.209621	0.204621	0.199621	0.194621	0.189621	0.184621	0.179621	0.174621	0.169621	0.164621	0.159621	0.154621	0.149621	0.144621	0.139621	0.134621	0.129621	0.124621	0.119621	0.114621	0.109621	0.104621	0.099621	0.094621	0.089621	0.084621	0.079621	0.074621	0.069621	0.064621	0.059621	0.054621	0.049621	0.044621	0.039621	0.034621	0.029621	0.024621	0.019621	0.014621	0.009621	0.004621	0	0	0	0	0	0	0	0	0	0	0	0	0	0	0	0	0	0	0	0	0	0	0	0	0	0	0	0	0	0	0	0	0	0	0	0	0
0.24562	0.24562	0.24562	0.24562	0.24562	0.24562	0.24562	0.24562	0.24562	0.24562	0.24562	0.24562	0.24562	0.24562	0.24562	0.24562	0.24562	0.242612	0.237612	0.232612	0.227612	0.222612	0.217612	0.212612	0.207612	0.202612	0.197612	0.192612	0.187612	0.182612	0.177612	0.172612	0.167612	0.162612	0.157612	0.152612	0.147612	0.142612	0.137612	0.132612	0.127612	0.122612	0.117612	0.112612	0.107612	0.102612	0.097612	0.092612	0.087612	0.082612	0.077612	0.072612	0.067612	0.062612	0.057612	0.052612	0.047612	0.042612	0.037612	0.032612	0.027612	0.022612	0.017612	0.012612	0.007612	0.002612	0	0	0	0	0	0	0	0	0	0	0	0	0	0	0	0	0	0	0	0	0	0	0	0	0	0	0	0	0	0	0	0	0	0	0
0.251611	0.251611	0.251611	0.251611	0.251611	0.251611	0.251611	0.251611	0.251611	0.251611	0.251611	0.251611	0.251611	0.251611	0.251611	0.251611	0.251611	0.250602	0.245602	0.240602	0.235602	0.230602	0.225602	0.220602	0.215602	0.210602	0.205602	0.200602	0.195602	0.190602	0.185602	0.180602	0.175602	0.170602	0.165602	0.160602	0.155602	0.150602	0.145602	0.140602	0.135602	0.130602	0.125602	0.120602	0.115602	0.110602	0.105602	0.100602	0.095602	0.090602	0.085602	0.080602	0.075602	0.070602	0.065602	0.060602	0.055602	0.050602	0.045602	0.040602	0.035602	0.030602	0.025602	0.020602	0.015602	0.010602	0.005602	0.000602	0	0	0	0	0	0	0	0	0	0	0	0	0	0	0	0	0	0	0	0	0	0	0	0	0	0	0	0	0	0	0	0	0
0.257602	0.257602	0.257602	0.257602	0.257602	0.257602	0.257602	0.257602	0.257602	0.257602	0.257602	0.257602	0.257602	0.257602	0.257602	0.257602	0.257602	0.257602	0.253593	0.248593	0.243593	0.238593	0.233593	0.228593	0.223593	0.218593	0.213593	0.208593	0.203593	0.198593	0.193593	0.188593	0.183593	0.178593	0.173593	0.168593	0.163593	0.158593	0.153593	0.148593	0.143593	0.138593	0.133593	0.128593	0.123593	0.118593	0.113593	0.108593	0.103593	0.098593	0.093593	0.088593	0.083593	0.078593	0.073593	0.068593	0.063593	0.058593	0.053593	0.048593	0.043593	0.038593	0.033593	0.028593	0.023593	0.018593	0.013593	0.008593	0.003593	0	0	0	0	0	0	0	0	0	0	0	0	0	0	0	0	0	0	0	0	0	0	0	0	0	0	0	0	0	0	0	0
0.263593	0.263593	0.263593	0.263593	0.263593	0.263593	0.263593	0.263593	0.263593	0.263593	0.263593	0.263593	0.263593	0.263593	0.263593	0.263593	0.263593	0.263593	0.261583	0.256583	0.251583	0.246583	0.241583	0.236583	0.231583	0.226583	0.221583	0.216583	0.211583	0.206583	0.201583	0.196583	0.191583	0.186583	0.181583	0.176583	0.171583	0.166583	0.161583	0.156583	0.151583	0.146583	0.141583	0.136583	0.131583	0.126583	0.121583	0.116583	0.111583	0.106583	0.101583	0.096583	0.091583	0.086583	0.081583	0.076583	0.071583	0.066583	0.061583	0.056583	0.051583	0.046583	0.041583	0.036583	0.031583	0.026583	0.021583	0.016583	0.011583	0.006583	0.001583	0	0	0	0	0	0	0	0	0	0	0	0	0	0	0	0	0	0	0	0	0	0	0	0	0	0	0	0	0	0
0.269583	0.269583	0.269583	0.269583	0.269583	0.269583	0.269583	0.269583	0.269583	0.269583	0.269583	0.269583	0.269583	0.269583	0.269583	0.269583	0.269583	0.269583	0.269574	0.264574	0.259574	0.254574	0.249574	0.244574	0.239574	0.234574	0.229574	0.224574	0.219574	0.214574	0.209574	0.204574	0.199574	0.194574	0.189574	0.184574	0.179574	0.174574	0.169574	0.164574	0.159574	0.154574	0.149574	0.144574	0.139574	0.134574	0.129574	0.124574	0.119574	0.114574	0.109574	0.104574	0.099574	0.094574	0.089574	0.084574	0.079574	0.074574	0.069574	0.064574	0.059574	0.054574	0.049574	0.044574	0.039574	0.034574	0.029574	0.024574	0.019574	0.014574	0.009574	0.004574	0	0	0	0	0	0	0	0	0	0	0	0	0	0	0	0	0	0	0	0	0	0	0	0	0	0	0	0	0
0.275574	0.275574	0.275574	0.275574	0.275574	0.275574	0.275574	0.275574	0.275574	0.275574	0.275574	0.275574	0.275574	0.275574	0.275574	0.275574	0.275574	0.275574	0.275574	0.272564	0.267564	0.262564	0.257564	0.252564	0.247564	0.242564	0.237564	0.232564	0.227564	0.222564	0.217564	0.212564	0.207564	0.202564	0.197564	0.192564	0.187564	0.182564	0.177564	0.172564	0.167564	0.162564	0.157564	0.152564	0.147564	0.142564	0.137564	0.132564	0.127564	0.122564	0.117564	0.112564	0.107564	0.102564	0.097564	0.092564	0.087564	0.082564	0.077564	0.072564	0.067564	0.062564	0.057564	0.052564	0.047564	0.042564	0.037564	0.032564	0.027564	0.022564	0.017564	0.012564	0.007564	0.002564	0	0	0	0	0	0	0	0	0	0	0	0	0	0	0	0	0	0	0	0	0	0	0	0	0	0	0
0.281565	0.281565	0.281565	0.281565	0.281565	0.281565	0.281565	0.281565	0.281565	0.281565	0.281565	0.281565	0.281565	0.281565	0.281565	0.281565	0.281565	0.281565	0.281565	0.280555	0.275555	0.270555	0.265555	0.260555	0.255555	0.250555	0.245555	0.240555	0.235555	0.230555	0.225555	0.220555	0.215555	0.210555	0.205555	0.200555	0.195555	0.190555	0.185555	0.180555	0.175555	0.170555	0.165555	0.160555	0.155555	0.150555	0.145555	0.140555	0.135555	0.130555	0.125555	0.120555	0.115555	0.110555	0.105555	0.100555	0.095555	0.090555	0.085555	0.080555	0.075555	0.070555	0.065555	0.060555	0.055555	0.050555	0.045555	0.040555	0.035555	0.030555	0.025555	0.020555	0.015555	0.010555	0.005555	0.000555	0	0	0	0	0	0	0	0	0	0	0	0	0	0	0	0	0	0	0	0	0	0	0	0	0
0.287556	0.287556	0.287556	0.287556	0.287556	0.287556	0.287556	0.287556	0.287556	0.287556	0.287556	0.287556	0.287556	0.287556	0.287556	0.287556	0.287556	0.287556	0.287556	0.287556	0.283545	0.278545	0.273545	0.268545	0.263545	0.258545	0.253545	0.248545	0.243545	0.238545	0.233545	0.228545	0.223545	0.218545	0.213545	0.208545	0.203545	0.198545	0.193545	0.188545	0.183545	0.178545	0.173545	0.168545	0.163545	0.158545	0.153545	0.148545	0.143545	0.138545	0.133545	0.128545	0.123545	0.118545	0.113545	0.108545	0.103545	0.098545	0.093545	0.088545	0.083545	0.078545	0.073545	0.068545	0.063545	0.058545	0.053545	0.048545	0.043545	0.038545	0.033545	0.028545	0.023545	0.018545	0.013545	0.008545	0.003545	0	0	0	0	0	0	0	0	0	0	0	0	0	0	0	0	0	0	0	0	0	0	0	0
0.293546	0.293546	0.293546	0.293546	0.293546	0.293546	0.293546	0.293546	0.293546	0.293546	0.293546	0.293546	0.293546	0.293546	0.293546	0.293546	0.293546	0.293546	0.293546	0.293546	0.291536	0.286536	0.281536	0.276536	0.271536	0.266536	0.261536	0.256536	0.251536	0.246536	0.241536	0.236536	0.231536	0.226536	0.221536	0.216536	0.211536	0.206536	0.201536	0.196536	0.191536	0.186536	0.181536	0.176536	0.171536	0.166536	0.161536	0.156536	0.151536	0.146536	0.141536	0.136536	0.131536	0.126536	0.121536	0.116536	0.111536	0.106536	0.101536	0.096536	0.091536	0.086536	0.081536	0.076536	0.071536	0.066536	0.061536	0.056536	0.051536	0.046536	0.041536	0.036536	0.031536	0.026536	0.021536	0.016536	0.011536	0.006536	0.001536	0	0	0	0	0	0	0	0	0	0	0	0	0	0	0	0	0	0	0	0	0	0
0.299537	0.299537	0.299537	0.299537	0.299537	0.299537	0.299537	0.299537	0.299537	0.299537	0.299537	0.299537	0.299537	0.299537	0.299537	0.299537	0.299537	0.299537	0.299537	0.299537	0.299526	0.294526	0.289526	0.284526	0.279526	0.274526	0.269526	0.264526	0.259526	0.254526	0.249526	0.244526	0.239526	0.234526	0.229526	0.224526	0.219526	0.214526	0.209526	0.204526	0.199526	0.194526	0.189526	0.184526	0.179526	0.174526	0.169526	0.164526	0.159526	0.154526	0.149526	0.144526	0.139526	0.134526	0.129526	0.124526	0.119526	0.114526	0.109526	0.104526	0.099526	0.094526	0.089526	0.084526	0.079526	0.074526	0.069526	0.064526	0.059526	0.054526	0.049526	0.044526	0.039526	0.034526	0.029526	0.024526	0.019526	0.014526	0.009526	0.004526	0	0	0	0	0	0	0	0	0	0	0	0	0	0	0	0	0	0	0	0	0
0.305528	0.305528	0.305528	0.305528	0.305528	0.305528	0.305528	0.305528	0.305528	0.305528	0.305528	0.305528	0.305528	0.305528	0.305528	0.305528	0.305528	0.305528	0.305528	0.305528	0.305528	0.302517	0.297517	0.292517	0.287517	0.282517	0.277517	0.272517	0.267517	0.262517	0.257517	0.252517	0.247517	0.242517	0.237517	0.232517	0.227517	0.222517	0.217517	0.212517	0.207517	0.202517	0.197517	0.192517	0.187517	0.182517	0.177517	0.172517	0.167517	0.162517	0.157517	0.152517	0.147517	0.142517	0.137517	0.132517	0.127517	0.122517	0.117517	0.112517	0.107517	0.102517	0.097517	0.092517	0.087517	0.082517	0.077517	0.072517	0.067517	0.062517	0.057517	0.052517	0.047517	0.042517	0.037517	0.032517	0.027517	0.022517	0.017517	0.012517	0.007517	0.002517	0	0	0	0	0	0	0	0	0	0	0	0	0	0	0	0	0	0	0
0.311519	0.311519	0.311519	0.311519	0.311519	0.311519	0.311519	0.311519	0.311519	0.311519	0.311519	0.311519	0.311519	0.311519	0.311519	0.311519	0.311519	0.311519	0.311519	0.311519	0.311519	0.310507	0.305507	0.300507	0.295507	0.290507	0.285507	0.280507	0.275507	0.270507	0.265507	0.260507	0.255507	0.250507	0.245507	0.240507	0.235507	0.230507	0.225507	0.220507	0.215507	0.210507	0.205507	0.200507	0.195507	0.190507	0.185507	0.180507	0.175507	0.170507	0.165507	0.160507	0.155507	0.150507	0.145507	0.140507	0.135507	0.130507	0.125507	0.120507	0.115507	0.110507	0.105507	0.100507	0.095507	0.090507	0.085507	0.080507	0.075507	0.070507	0.065507	0.060507	0.055507	0.050507	0.045507	0.040507	0.035507	0.030507	0.025507	0.020507	0.015507	0.010507	0.005507	0.000507	0	0	0	0	0	0	0	0	0	0	0	0	0	0	0	0	0
0.317509	0.317509	0.317509	0.317509	0.317509	0.317509	0.317509	0.317509	0.317509	0.317509	0.317509	0.317509	0.317509	0.317509	0.317509	0.317509	0.317509	0.317509	0.317509	0.317509	0.317509	0.317509	0.313498	0.308498	0.303498	0.298498	0.293498	0.288498	0.283498	0.278498	0.273498	0.268498	0.263498	0.258498	0.253498	0.248498	0.243498	0.238498	0.233498	0.228498	0.223498	0.218498	0.213498	0.208498	0.203498	0.198498	0.193498	0.188498	0.183498	0.178498	0.173498	0.168498	0.163498	0.158498	0.153498	0.148498	0.143498	0.138498	0.133498	0.128498	0.123498	0.118498	0.113498	0.108498	0.103498	0.098498	0.093498	0.088498	0.083498	0.078498	0.073498	0.068498	0.063498	0.058498	0.053498	0.048498	0.043498	0.038498	0.033498	0.028498	0.023498	0.018498	0.013498	0.008498	0.003498	0	0	0	0	0	0	0	0	0	0	0	0	0	0	0	0
0.3235	0.3235	0.3235	0.3235	0.3235	0.3235	0.3235	0.3235	0.3235	0.3235	0.3235	0.3235	0.3235	0.3235	0.3235	0.3235	0.3235	0.3235	0.3235	0.3235	0.3235	0.3235	0.321488	0.316488	0.311488	0.306488	0.301488	0.296488	0.291488	0.286488	0.281488	0.276488	0.271488	0.266488	0.261488	0.256488	0.251488	0.246488	0.241488	0.236488	0.231488	0.226488	0.221488	0.216488	0.211488	0.206488	0.201488	0.196488	0.191488	0.186488	0.181488	0.176488	0.171488	0.166488	0.161488	0.156488	0.151488	0.146488	0.141488	0.136488	0.131488	0.126488	0.121488	0.116488	0.111488	0.106488	0.101488	0.096488	0.091488	0.086488	0.081488	0.076488	0.071488	0.066488	0.061488	0.056488	0.051488	0.046488	0.041488	0.036488	0.031488	0.026488	0.021488	0.016488	0.011488	0.006488	0.001488	0	0	0	0	0	0	0	0	0	0	0	0	0	0
0.329491	0.329491	0.329491	0.329491	0.329491	0.329491	0.329491	0.329491	0.329491	0.329491	0.329491	0.329491	0.329491	0.329491	0.329491	0.329491	0.329491	0.329491	0.329491	0.329491	0.329491	0.329491	0.329479	0.324479	0.319479	0.314479	0.309479	0.304479	0.299479	0.294479	0.289479	0.284479	0.279479	0.274479	0.269479	0.264479	0.259479	0.254479	0.249479	0.244479	0.239479	0.234479	0.229479	0.224479	0.219479	0.214479	0.209479	0.204479	0.199479	0.194479	0.189479	0.184479	0.179479	0.174479	0.169479	0.164479	0.159479	0.154479	0.149479	0.144479	0.139479	0.134479	0.129479	0.124479	0.119479	0.114479	0.109479	0.104479	0.099479	0.094479	0.089479	0.084479	0.079479	0.074479	0.069479	0.064479	0.059479	0.054479	0.049479	0.044479	0.039479	0.034479	0.029479	0.024479	0.019479	0.014479	0.009479	0.004479	0	0	0	0	0	0	0	0	0	0	0	0	0
0.335482	0.335482	0.335482	0.335482	0.335482	0.335482	0.335482	0.335482	0.335482	0.335482	0.335482	0.335482	0.335482	0.335482	0.335482	0.335482	0.335482	0.335482	0.335482	0.335482	0.335482	0.335482	0.335482	0.332469	0.327469	0.322469	0.317469	0.312469	0.307469	0.302469	0.297469	0.292469	0.287469	0.282469	0.277469	0.272469	0.267469	0.262469	0.257469	0.252469	0.247469	0.242469	0.237469	0.232469	0.227469	0.222469	0.217469	0.212469	0.207469	0.202469	0.197469	0.192469	0.187469	0.182469	0.177469	0.172469	0.167469	0.162469	0.157469	0.152469	0.147469	0.142469	0.137469	0.132469	0.127469	0.122469	0.117469	0.112469	0.107469	0.102469	0.097469	0.092469	0.087469	0.082469	0.077469	0.072469	0.067469	0.062469	0.057469	0.052469	0.047469	0.042469	0.037469	0.032469	0.027469	0.022469	0.017469	0.012469	0.007469	0.002469	0	0	0	0	0	0	0	0	0	0	0
0.341472	0.341472	0.341472	0.341472	0.341472	0.341472	0.341472	0.341472	0.341472	0.341472	0.341472	0.341472	0.341472	0.341472	0.341472	0.341472	0.341472	0.341472	0.341472	0.341472	0.341472	0.341472	0.341472	0.34046	0.33546	0.33046	0.32546	0.32046	0.31546	0.31046	0.30546	0.30046	0.29546	0.29046	0.28546	0.28046	0.27546	0.27046	0.26546	0.26046	0.25546	0.25046	0.24546	0.24046	0.23546	0.23046	0.22546	0.22046	0.21546	0.21046	0.20546	0.20046	0.19546	0.19046	0.18546	0.18046	0.17546	0.17046	0.16546	0.16046	0.15546	0.15046	0.14546	0.14046	0.13546	0.13046	0.12546	0.12046	0.11546	0.11046	0.10546	0.10046	0.09546	0.09046	0.08546	0.08046	0.07546	0.07046	0.06546	0.06046	0.05546	0.05046	0.04546	0.04046	0.03546	0.03046	0.02546	0.02046	0.01546	0.01046	0.00546	0.00046	0	0	0	0	0	0	0	0	0
0.347463	0.347463	0.347463	0.347463	0.347463	0.347463	0.347463	0.347463	0.347463	0.347463	0.347463	0.347463	0.347463	0.347463	0.347463	0.347463	0.347463	0.347463	0.347463	0.347463	0.347463	0.347463	0.347463	0.347463	0.34345	0.33845	0.33345	0.32845	0.32345	0.31845	0.31345	0.30845	0.30345	0.29845	0.29345	0.28845	0.28345	0.27845	0.27345	0.26845	0.26345	0.25845	0.25345	0.24845	0.24345	0.23845	0.23345	0.22845	0.22345	0.21845	0.21345	0.20845	0.20345	0.19845	0.19345	0.18845	0.18345	0.17845	0.17345	0.16845	0.16345	0.15845	0.15345	0.14845	0.14345	0.13845	0.13345	0.12845	0.12345	0.11845	0.11345	0.10845	0.10345	0.09845	0.09345	0.08845	0.08345	0.07845	0.07345	0.06845	0.06345	0.05845	0.05345	0.04845	0.04345	0.03845	0.03345	0.02845	0.02345	0.01845	0.01345	0.00845	0.00345	0	0	0	0	0	0	0	0
0.353454	0.353454	0.353454	0.353454	0.353454	0.353454	0.353454	0.353454	0.353454	0.353454	0.353454	0.353454	0.353454	0.353454	0.353454	0.353454	0.353454	0.353454	0.353454	0.353454	0.353454	0.353454	0.353454	0.353454	0.351441	0.346441	0.341441	0.336441	0.331441	0.326441	0.321441	0.316441	0.311441	0.306441	0.301441	0.296441	0.291441	0.286441	0.281441	0.276441	0.271441	0.266441	0.261441	0.256441	0.251441	0.246441	0.241441	0.236441	0.231441	0.226441	0.221441	0.216441	0.211441	0.206441	0.201441	0.196441	0.191441	0.186441	0.181441	0.176441	0.171441	0.166441	0.161441	0.156441	0.151441	0.146441	0.141441	0.136441	0.131441	0.126441	0.121441	0.116441	0.111441	0.106441	0.101441	0.096441	0.091441	0.086441	0.081441	0.076441	0.071441	0.066441	0.061441	0.056441	0.051441	0.046441	0.041441	0.036441	0.031441	0.026441	0.021441	0.016441	0.011441	0.006441	0.001441	0	0	0	0	0	0
0.359445	0.359445	0.359445	0.359445	0.359445	0.359445	0.359445	0.359445	0.359445	0.359445	0.359445	0.359445	0.359445	0.359445	0.359445	0.359445	0.359445	0.359445	0.359445	0.359445	0.359445	0.359445	0.359445	0.359445	0.359431	0.354431	0.349431	0.344431	0.339431	0.334431	0.329431	0.324431	0.319431	0.314431	0.309431	0.304431	0.299431	0.294431	0.289431	0.284431	0.279431	0.274431	0.269431	0.264431	0.259431	0.254431	0.249431	0.244431	0.239431	0.234431	0.229431	0.224431	0.219431	0.214431	0.209431	0.204431	0.199431	0.194431	0.189431	0.184431	0.179431	0.174431	0.169431	0.164431	0.159431	0.154431	0.149431	0.144431	0.139431	0.134431	0.129431	0.124431	0.119431	0.114431	0.109431	0.104431	0.099431	0.094431	0.089431	0.084431	0.079431	0.074431	0.069431	0.064431	0.059431	0.054431	0.049431	0.044431	0.039431	0.034431	0.029431	0.024431	0.019431	0.014431	0.009431	0.004431	0	0	0	0	0
0.365435	0.365435	0.365435	0.365435	0.365435	0.365435	0.365435	0.365435	0.365435	0.365435	0.365435	0.365435	0.365435	0.365435	0.365435	0.365435	0.365435	0.365435	0.365435	0.365435	0.365435	0.365435	0.365435	0.365435	0.365435	0.362422	0.357422	0.352422	0.347422	0.342422	0.337422	0.332422	0.327422	0.322422	0.317422	0.312422	0.307422	0.302422	0.297422	0.292422	0.287422	0.282422	0.277422	0.272422	0.267422	0.262422	0.257422	0.252422	0.247422	0.242422	0.237422	0.232422	0.227422	0.222422	0.217422	0.212422	0.207422	0.202422	0.197422	0.192422	0.187422	0.182422	0.177422	0.172422	0.167422	0.162422	0.157422	0.152422	0.147422	0.142422	0.137422	0.132422	0.127422	0.122422	0.117422	0.112422	0.107422	0.102422	0.097422	0.092422	0.087422	0.082422	0.077422	0.072422	0.067422	0.062422	0.057422	0.052422	0.047422	0.042422	0.037422	0.032422	0.027422	0.022422	0.017422	0.012422	0.007422	0.002422	0	0	0
0.371426	0.371426	0.371426	0.371426	0.371426	0.371426	0.371426	0.371426	0.371426	0.371426	0.371426	0.371426	0.371426	0.371426	0.371426	0.371426	0.371426	0.371426	0.371426	0.371426	0.371426	0.371426	0.371426	0.371426	0.371426	0.370413	0.365413	0.360413	0.355413	0.350413	0.345413	0.340413	0.335413	0.330413	0.325413	0.320413	0.315413	0.310413	0.305413	0.300413	0.295413	0.290413	0.285413	0.280413	0.275413	0.270413	0.265413	0.260413	0.255413	0.250413	0.245413	0.240413	0.235413	0.230413	0.225413	0.220413	0.215413	0.210413	0.205413	0.200413	0.195413	0.190413	0.185413	0.180413	0.175413	0.170413	0.165413	0.160413	0.155413	0.150413	0.145413	0.140413	0.135413	0.130413	0.125413	0.120413	0.115413	0.110413	0.105413	0.100413	0.095413	0.090413	0.085413	0.080413	0.075413	0.070413	0.065413	0.060413	0.055413	0.050413	0.045413	0.040413	0.035413	0.030413	0.025413	0.020413	0.015413	0.010413	0.005413	0.000413	0
0.377417	0.377417	0.377417	0.377417	0.377417	0.377417	0.377417	0.377417	0.377417	0.377417	0.377417	0.377417	0.377417	0.377417	0.377417	0.377417	0.377417	0.377417	0.377417	0.377417	0.377417	0.377417	0.377417	0.377417	0.377417	0.377417	0.373403	0.368403	0.363403	0.358403	0.353403	0.348403	0.343403	0.338403	0.333403	0.328403	0.323403	0.318403	0.313403	0.308403	0.303403	0.298403	0.293403	0.288403	0.283403	0.278403	0.273403	0.268403	0.263403	0.258403	0.253403	0.248403	0.243403	0.238403	0.233403	0.228403	0.223403	0.218403	0.213403	0.208403	0.203403	0.198403	0.193403	0.188403	0.183403	0.178403	0.173403	0.168403	0.163403	0.158403	0.153403	0.148403	0.143403	0.138403	0.133403	0.128403	0.123403	0.118403	0.113403	0.108403	0.103403	0.098403	0.093403	0.088403	0.083403	0.078403	0.073403	0.068403	0.063403	0.058403	0.053403	0.048403	0.043403	0.038403	0.033403	0.028403	0.023403	0.018403	0.013403	0.008403	0.003403
0.383408	0.383408	0.383408	0.383408	0.383408	0.383408	0.383408	0.383408	0.383408	0.383408	0.383408	0.383408	0.383408	0.383408	0.383408	0.383408	0.383408	0.383408	0.383408	0.383408	0.383408	0.383408	0.383408	0.383408	0.383408	0.383408	0.381394	0.376394	0.371394	0.366394	0.361394	0.356394	0.351394	0.346394	0.341394	0.336394	0.331394	0.326394	0.321394	0.316394	0.311394	0.306394	0.301394	0.296394	0.291394	0.286394	0.281394	0.276394	0.271394	0.266394	0.261394	0.256394	0.251394	0.246394	0.241394	0.236394	0.231394	0.226394	0.221394	0.216394	0.211394	0.206394	0.201394	0.196394	0.191394	0.186394	0.181394	0.176394	0.171394	0.166394	0.161394	0.156394	0.151394	0.146394	0.141394	0.136394	0.131394	0.126394	0.121394	0.116394	0.111394	0.106394	0.101394	0.096394	0.091394	0.086394	0.081394	0.076394	0.071394	0.066394	0.061394	0.056394	0.051394	0.046394	0.041394	0.036394	0.031394	0.026394	0.021394	0.016394	0.011394
0.389398	0.389398	0.389398	0.389398	0.389398	0.389398	0.389398	0.389398	0.389398	0.389398	0.389398	0.389398	0.389398	0.389398	0.389398	0.389398	0.389398	0.389398	0.389398	0.389398	0.389398	0.389398	0.389398	0.389398	0.389398	0.389398	0.389384	0.384384	0.379384	0.374384	0.369384	0.364384	0.359384	0.354384	0.349384	0.344384	0.339384	0.334384	0.329384	0.324384	0.319384	0.314384	0.309384	0.304384	0.299384	0.294384	0.289384	0.284384	0.279384	0.274384	0.269384	0.264384	0.259384	0.254384	0.249384	0.244384	0.239384	0.234384	0.229384	0.224384	0.219384	0.214384	0.209384	0.204384	0.199384	0.194384	0.189384	0.184384	0.179384	0.174384	0.169384	0.164384	0.159384	0.154384	0.149384	0.144384	0.139384	0.134384	0.129384	0.124384	0.119384	0.114384	0.109384	0.104384	0.099384	0.094384	0.089384	0.084384	0.079384	0.074384	0.069384	0.064384	0.059384	0.054384	0.049384	0.044384	0.039384	0.034384	0.029384	0.024384	0.019384
0.395389	0.395389	0.395389	0.395389	0.395389	0.395389	0.395389	0.395389	0.395389	0.395389	0.395389	0.395389	0.395389	0.395389	0.395389	0.395389	0.395389	0.395389	0.395389	0.395389	0.395389	0.395389	0.395389	0.395389	0.395389	0.395389	0.395389	0.392375	0.387375	0.382375	0.377375	0.372375	0.367375	0.362375	0.357375	0.352375	0.347375	0.342375	0.337375	0.332375	0.327375	0.322375	0.317375	0.312375	0.307375	0.302375	0.297375	0.292375	0.287375	0.282375	0.277375	0.272375	0.267375	0.262375	0.257375	0.252375	0.247375	0.242375	0.237375	0.232375	0.227375	0.222375	0.217375	0.212375	0.207375	0.202375	0.197375	0.192375	0.187375	0.182375	0.177375	0.172375	0.167375	0.162375	0.157375	0.152375	0.147375	0.142375	0.137375	0.132375	0.127375	0.122375	0.117375	0.112375	0.107375	0.102375	0.097375	0.092375	0.087375	0.082375	0.077375	0.072375	0.067375	0.062375	0.057375	0.052375	0.047375	0.042375	0.037375	0.032375	0.027375
0.40138	0.40138	0.40138	0.40138	0.40138	0.40138	0.40138	0.40138	0.40138	0.40138	0.40138	0.40138	0.40138	0.40138	0.40138	0.40138	0.40138	0.40138	0.40138	0.40138	0.40138	0.40138	0.40138	0.40138	0.40138	0.40138	0.40138	0.400365	0.395365	0.390365	0.385365	0.380365	0.375365	0.370365	0.365365	0.360365	0.355365	0.350365	0.345365	0.340365	0.335365	0.330365	0.325365	0.320365	0.315365	0.310365	0.305365	0.300365	0.295365	0.290365	0.285365	0.280365	0.275365	0.270365	0.265365	0.260365	0.255365	0.250365	0.245365	0.240365	0.235365	0.230365	0.225365	0.220365	0.215365	0.210365	0.205365	0.200365	0.195365	0.190365	0.185365	0.180365	0.175365	0.170365	0.165365	0.160365	0.155365	0.150365	0.145365	0.140365	0.135365	0.130365	0.125365	0.120365	0.115365	0.110365	0.105365	0.100365	0.095365	0.090365	0.085365	0.080365	0.075365	0.070365	0.065365	0.060365	0.055365	0.050365	0.045365	0.040365	0.035365
0.407371	0.407371	0.407371	0.407371	0.407371	0.407371	0.407371	0.407371	0.407371	0.407371	0.407371	0.407371	0.407371	0.407371	0.407371	0.407371	0.407371	0.407371	0.407371	0.407371	0.407371	0.407371	0.407371	0.407371	0.407371	0.407371	0.407371	0.407371	0.403356	0.398356	0.393356	0.388356	0.383356	0.378356	0.373356	0.368356	0.363356	0.358356	0.353356	0.348356	0.343356	0.338356	0.333356	0.328356	0.323356	0.318356	0.313356	0.308356	0.303356	0.298356	0.293356	0.288356	0.283356	0.278356	0.273356	0.268356	0.263356	0.258356	0.253356	0.248356	0.243356	0.238356	0.233356	0.228356	0.223356	0.218356	0.213356	0.208356	0.203356	0.198356	0.193356	0.188356	0.183356	0.178356	0.173356	0.168356	0.163356	0.158356	0.153356	0.148356	0.143356	0.138356	0.133356	0.128356	0.123356	0.118356	0.113356	0.108356	0.103356	0.098356	0.093356	0.088356	0.083356	0.078356	0.073356	0.068356	0.063356	0.058356	0.053356	0.048356	0.043356
0.413361	0.413361	0.413361	0.413361	0.413361	0.413361	0.413361	0.413361	0.413361	0.413361	0.413361	0.413361	0.413361	0.413361	0.413361	0.413361	0.413361	0.413361	0.413361	0.413361	0.413361	0.413361	0.413361	0.413361	0.413361	0.413361	0.413361	0.413361	0.411346	0.406346	0.401346	0.396346	0.391346	0.386346	0.381346	0.376346	0.371346	0.366346	0.361346	0.356346	0.351346	0.346346	0.341346	0.336346	0.331346	0.326346	0.321346	0.316346	0.311346	0.306346	0.301346	0.296346	0.291346	0.286346	0.281346	0.276346	0.271346	0.266346	0.261346	0.256346	0.251346	0.246346	0.241346	0.236346	0.231346	0.226346	0.221346	0.216346	0.211346	0.206346	0.201346	0.196346	0.191346	0.186346	0.181346	0.176346	0.171346	0.166346	0.161346	0.156346	0.151346	0.146346	0.141346	0.136346	0.131346	0.126346	0.121346	0.116346	0.111346	0.106346	0.101346	0.096346	0.091346	0.086346	0.081346	0.076346	0.071346	0.066346	0.061346	0.056346	0.051346
0.419352	0.419352	0.419352	0.419352	0.419352	0.419352	0.419352	0.419352	0.419352	0.419352	0.419352	0.419352	0.419352	0.419352	0.419352	0.419352	0.419352	0.419352	0.419352	0.419352	0.419352	0.419352	0.419352	0.419352	0.419352	0.419352	0.419352	0.419352	0.419337	0.414337	0.409337	0.404337	0.399337	0.394337	0.389337	0.384337	0.379337	0.374337	0.369337	0.364337	0.359337	0.354337	0.349337	0.344337	0.339337	0.334337	0.329337	0.324337	0.319337	0.314337	0.309337	0.304337	0.299337	0.294337	0.289337	0.284337	0.279337	0.274337	0.269337	0.264337	0.259337	0.254337	0.249337	0.244337	0.239337	0.234337	0.229337	0.224337	0.219337	0.214337	0.209337	0.204337	0.199337	0.194337	0.189337	0.184337	0.179337	0.174337	0.169337	0.164337	0.159337	0.154337	0.149337	0.144337	0.139337	0.134337	0.129337	0.124337	0.119337	0.114337	0.109337	0.104337	0.099337	0.094337	0.089337	0.084337	0.079337	0.074337	0.069337	0.064337	0.059337
0.425343	0.425343	0.425343	0.425343	0.425343	0.425343	0.425343	0.425343	0.425343	0.425343	0.425343	0.425343	0.425343	0.425343	0.425343	0.425343	0.425343	0.425343	0.425343	0.425343	0.425343	0.425343	0.425343	0.425343	0.425343	0.425343	0.425343	0.425343	0.425343	0.422327	0.417327	0.412327	0.407327	0.402327	0.397327	0.392327	0.387327	0.382327	0.377327	0.372327	0.367327	0.362327	0.357327	0.352327	0.347327	0.342327	0.337327	0.332327	0.327327	0.322327	0.317327	0.312327	0.307327	0.302327	0.297327	0.292327	0.287327	0.282327	0.277327	0.272327	0.267327	0.262327	0.257327	0.252327	0.247327	0.242327	0.237327	0.232327	0.227327	0.222327	0.217327	0.212327	0.207327	0.202327	0.197327	0.192327	0.187327	0.182327	0.177327	0.172327	0.167327	0.162327	0.157327	0.152327	0.147327	0.142327	0.137327	0.132327	0.127327	0.122327	0.117327	0.112327	0.107327	0.102327	0.097327	0.092327	0.087327	0.082327	0.077327	0.072327	0.067327
0.431334	0.431334	0.431334	0.431334	0.431334	0.431334	0.431334	0.431334	0.431334	0.431334	0.431334	0.431334	0.431334	0.431334	0.431334	0.431334	0.431334	0.431334	0.431334	0.431334	0.431334	0.431334	0.431334	0.431334	0.431334	0.431334	0.431334	0.431334	0.431334	0.430318	0.425318	0.420318	0.415318	0.410318	0.405318	0.400318	0.395318	0.390318	0.385318	0.380318	0.375318	0.370318	0.365318	0.360318	0.355318	0.350318	0.345318	0.340318	0.335318	0.330318	0.325318	0.320318	0.315318	0.310318	0.305318	0.300318	0.295318	0.290318	0.285318	0.280318	0.275318	0.270318	0.265318	0.260318	0.255318	0.250318	0.245318	0.240318	0.235318	0.230318	0.225318	0.220318	0.215318	0.210318	0.205318	0.200318	0.195318	0.190318	0.185318	0.180318	0.175318	0.170318	0.165318	0.160318	0.155318	0.150318	0.145318	0.140318	0.135318	0.130318	0.125318	0.120318	0.115318	0.110318	0.105318	0.100318	0.095318	0.090318	0.085318	0.080318	0.075318
0.437324	0.437324	0.437324	0.437324	0.437324	0.437324	0.437324	0.437324	0.437324	0.437324	0.437324	0.437324	0.437324	0.437324	0.437324	0.437324	0.437324	0.437324	0.437324	0.437324	0.437324	0.437324	0.437324	0.437324	0.437324	0.437324	0.437324	0.437324	0.437324	0.437324	0.433308	0.428308	0.423308	0.418308	0.413308	0.408308	0.403308	0.398308	0.393308	0.388308	0.383308	0.378308	0.373308	0.368308	0.363308	0.358308	0.353308	0.348308	0.343308	0.338308	0.333308	0.328308	0.323308	0.318308	0.313308	0.308308	0.303308	0.298308	0.293308	0.288308	0.283308	0.278308	0.273308	0.268308	0.263308	0.258308	0.253308	0.248308	0.243308	0.238308	0.233308	0.228308	0.223308	0.218308	0.213308	0.208308	0.203308	0.198308	0.193308	0.188308	0.183308	0.178308	0.173308	0.168308	0.163308	0.158308	0.153308	0.148308	0.143308	0.138308	0.133308	0.128308	0.123308	0.118308	0.113308	0.108308	0.103308	0.098308	0.093308	0.088308	0.083308
0.443315	0.443315	0.443315	0.443315	0.443315	0.443315	0.443315	0.443315	0.443315	0.443315	0.443315	0.443315	0.443315	0.443315	0.443315	0.443315	0.443315	0.443315	0.443315	0.443315	0.443315	0.443315	0.443315	0.443315	0.443315	0.443315	0.443315	0.443315	0.443315	0.443315	0.441299	0.436299	0.431299	0.426299	0.421299	0.416299	0.411299	0.406299	0.401299	0.396299	0.391299	0.386299	0.381299	0.376299	0.371299	0.366299	0.361299	0.356299	0.351299	0.346299	0.341299	0.336299	0.331299	0.326299	0.321299	0.316299	0.311299	0.306299	0.301299	0.296299	0.291299	0.286299	0.281299	0.276299	0.271299	0.266299	0.261299	0.256299	0.251299	0.246299	0.241299	0.236299	0.231299	0.226299	0.221299	0.216299	0.211299	0.206299	0.201299	0.196299	0.191299	0.186299	0.181299	0.176299	0.171299	0.166299	0.161299	0.156299	0.151299	0.146299	0.141299	0.136299	0.131299	0.126299	0.121299	0.116299	0.111299	0.106299	0.101299	0.096299	0.091299
0.449306	0.449306	0.449306	0.449306	0.449306	0.449306	0.449306	0.449306	0.449306	0.449306	0.449306	0.449306	0.449306	0.449306	0.449306	0.449306	0.449306	0.449306	0.449306	0.449306	0.449306	0.449306	0.449306	0.449306	0.449306	0.449306	0.449306	0.449306	0.449306	0.449306	0.449289	0.444289	0.439289	0.434289	0.429289	0.424289	0.419289	0.414289	0.409289	0.404289	0.399289	0.394289	0.389289	0.384289	0.379289	0.374289	0.369289	0.364289	0.359289	0.354289	0.349289	0.344289	0.339289	0.334289	0.329289	0.324289	0.319289	0.314289	0.309289	0.304289	0.299289	0.294289	0.289289	0.284289	0.279289	0.274289	0.269289	0.264289	0.259289	0.254289	0.249289	0.244289	0.239289	0.234289	0.229289	0.224289	0.219289	0.214289	0.209289	0.204289	0.199289	0.194289	0.189289	0.184289	0.179289	0.174289	0.169289	0.164289	0.159289	0.154289	0.149289	0.144289	0.139289	0.134289	0.129289	0.124289	0.119289	0.114289	0.109289	0.104289	0.099289
0.455297	0.455297	0.455297	0.455297	0.455297	0.455297	0.455297	0.455297	0.455297	0.455297	0.455297	0.455297	0.455297	0.455297	0.455297	0.455297	0.455297	0.455297	0.455297	0.455297	0.455297	0.455297	0.455297	0.455297	0.455297	0.455297	0.455297	0.455297	0.455297	0.455297	0.455297	0.45228	0.44728	0.44228	0.43728	0.43228	0.42728	0.42228	0.41728	0.41228	0.40728	0.40228	0.39728	0.39228	0.38728	0.38228	0.37728	0.37228	0.36728	0.36228	0.35728	0.35228	0.34728	0.34228	0.33728	0.33228	0.32728	0.32228	0.31728	0.31228	0.30728	0.30228	0.29728	0.29228	0.28728	0.28228	0.27728	0.27228	0.26728	0.26228	0.25728	0.25228	0.24728	0.24228	0.23728	0.23228	0.22728	0.22228	0.21728	0.21228	0.20728	0.20228	0.19728	0.19228	0.18728	0.18228	0.17728	0.17228	0.16728	0.16228	0.15728	0.15228	0.14728	0.14228	0.13728	0.13228	0.12728	0.12228	0.11728	0.11228	0.10728
0.461287	0.461287	0.461287	0.461287	0.461287	0.461287	0.461287	0.461287	0.461287	0.461287	0.461287	0.461287	0.461287	0.461287	0.461287	0.461287	0.461287	0.461287	0.461287	0.461287	0.461287	0.461287	0.461287	0.461287	0.461287	0.461287	0.461287	0.461287	0.461287	0.461287	0.461287	0.46027	0.45527	0.45027	0.44527	0.44027	0.43527	0.43027	0.42527	0.42027	0.41527	0.41027	0.40527	0.40027	0.39527	0.39027	0.38527	0.38027	0.37527	0.37027	0.36527	0.36027	0.35527	0.35027	0.34527	0.34027	0.33527	0.33027	0.32527	0.32027	0.31527	0.31027	0.30527	0.30027	0.29527	0.29027	0.28527	0.28027	0.27527	0.27027	0.26527	0.26027	0.25527	0.25027	0.24527	0.24027	0.23527	0.23027	0.22527	0.22027	0.21527	0.21027	0.20527	0.20027	0.19527	0.19027	0.18527	0.18027	0.17527	0.17027	0.16527	0.16027	0.15527	0.15027	0.14527	0.14027	0.13527	0.13027	0.12527	0.12027	0.11527
0.467278	0.467278	0.467278	0.467278	0.467278	0.467278	0.467278	0.467278	0.467278	0.467278	0.467278	0.467278	0.467278	0.467278	0.467278	0.467278	0.467278	0.467278	0.467278	0.467278	0.467278	0.467278	0.467278	0.467278	0.467278	0.467278	0.467278	0.467278	0.467278	0.467278	0.467278	0.467278	0.463261	0.458261	0.453261	0.448261	0.443261	0.438261	0.433261	0.428261	0.423261	0.418261	0.413261	0.408261	0.403261	0.398261	0.393261	0.388261	0.383261	0.378261	0.373261	0.368261	0.363261	0.358261	0.353261	0.348261	0.343261	0.338261	0.333261	0.328261	0.323261	0.318261	0.313261	0.308261	0.303261	0.298261	0.293261	0.288261	0.283261	0.278261	0.273261	0.268261	0.263261	0.258261	0.253261	0.248261	0.243261	0.238261	0.233261	0.228261	0.223261	0.218261	0.213261	0.208261	0.203261	0.198261	0.193261	0.188261	0.183261	0.178261	0.173261	0.168261	0.163261	0.158261	0.153261	0.148261	0.143261	0.138261	0.133261	0.128261	0.123261
0.473269	0.473269	0.473269	0.473269	0.473269	0.473269	0.473269	0.473269	0.473269	0.473269	0.473269	0.473269	0.473269	0.473269	0.473269	0.473269	0.473269	0.473269	0.473269	0.473269	0.473269	0.473269	0.473269	0.473269	0.473269	0.473269	0.473269	0.473269	0.473269	0.473269	0.473269	0.473269	0.471251	0.466251	0.461251	0.456251	0.451251	0.446251	0.441251	0.436251	0.431251	0.426251	0.421251	0.416251	0.411251	0.406251	0.401251	0.396251	0.391251	0.386251	0.381251	0.376251	0.371251	0.366251	0.361251	0.356251	0.351251	0.346251	0.341251	0.336251	0.331251	0.326251	0.321251	0.316251	0.311251	0.306251	0.301251	0.296251	0.291251	0.286251	0.281251	0.276251	0.271251	0.266251	0.261251	0.256251	0.251251	0.246251	0.241251	0.236251	0.231251	0.226251	0.221251	0.216251	0.211251	0.206251	0.201251	0.196251	0.191251	0.186251	0.181251	0.176251	0.171251	0.166251	0.161251	0.156251	0.151251	0.146251	0.141251	0.136251	0.131251
0.479259	0.479259	0.479259	0.479259	0.479259	0.479259	0.479259	0.479259	0.479259	0.479259	0.479259	0.479259	0.479259	0.479259	0.479259	0.479259	0.479259	0.479259	0.479259	0.479259	0.479259	0.479259	0.479259	0.479259	0.479259	0.479259	0.479259	0.479259	0.479259	0.479259	0.479259	0.479259	0.479242	0.474242	0.469242	0.464242	0.459242	0.454242	0.449242	0.444242	0.439242	0.434242	0.429242	0.424242	0.419242	0.414242	0.409242	0.404242	0.399242	0.394242	0.389242	0.384242	0.379242	0.374242	0.369242	0.364242	0.359242	0.354242	0.349242	0.344242	0.339242	0.334242	0.329242	0.324242	0.319242	0.314242	0.309242	0.304242	0.299242	0.294242	0.289242	0.284242	0.279242	0.274242	0.269242	0.264242	0.259242	0.254242	0.249242	0.244242	0.239242	0.234242	0.229242	0.224242	0.219242	0.214242	0.209242	0.204242	0.199242	0.194242	0.189242	0.184242	0.179242	0.174242	0.169242	0.164242	0.159242	0.154242	0.149242	0.144242	0.139242
0.48525	0.48525	0.48525	0.48525	0.48525	0.48525	0.48525	0.48525	0.48525	0.48525	0.48525	0.48525	0.48525	0.48525	0.48525	0.48525	0.48525	0.48525	0.48525	0.48525	0.48525	0.48525	0.48525	0.48525	0.48525	0.48525	0.48525	0.48525	0.48525	0.48525	0.48525	0.48525	0.48525	0.482232	0.477232	0.472232	0.467232	0.462232	0.457232	0.452232	0.447232	0.442232	0.437232	0.432232	0.427232	0.422232	0.417232	0.412232	0.407232	0.402232	0.397232	0.392232	0.387232	0.382232	0.377232	0.372232	0.367232	0.362232	0.357232	0.352232	0.347232	0.342232	0.337232	0.332232	0.327232	0.322232	0.317232	0.312232	0.307232	0.302232	0.297232	0.292232	0.287232	0.282232	0.277232	0.272232	0.267232	0.262232	0.257232	0.252232	0.247232	0.242232	0.237232	0.232232	0.227232	0.222232	0.217232	0.212232	0.207232	0.202232	0.197232	0.192232	0.187232	0.182232	0.177232	0.172232	0.167232	0.162232	0.157232	0.152232	0.147232
0.491241	0.491241	0.491241	0.491241	0.491241	0.491241	0.491241	0.491241	0.491241	0.491241	0.491241	0.491241	0.491241	0.491241	0.491241	0.491241	0.491241	0.491241	0.491241	0.491241	0.491241	0.491241	0.491241	0.491241	0.491241	0.491241	0.491241	0.491241	0.491241	0.491241	0.491241	0.491241	0.491241	0.490223	0.485223	0.480223	0.475223	0.470223	0.465223	0.460223	0.455223	0.450223	0.445223	0.440223	0.435223	0.430223	0.425223	0.420223	0.415223	0.410223	0.405223	0.400223	0.395223	0.390223	0.385223	0.380223	0.375223	0.370223	0.365223	0.360223	0.355223	0.350223	0.345223	0.340223	0.335223	0.330223	0.325223	0.320223	0.315223	0.310223	0.305223	0.300223	0.295223	0.290223	0.285223	0.280223	0.275223	0.270223	0.265223	0.260223	0.255223	0.250223	0.245223	0.240223	0.235223	0.230223	0.225223	0.220223	0.215223	0.210223	0.205223	0.200223	0.195223	0.190223	0.185223	0.180223	0.175223	0.170223	0.165223	0.160223	0.155223
0.497232	0.497232	0.497232	0.497232	0.497232	0.497232	0.497232	0.497232	0.497232	0.497232	0.497232	0.497232	0.497232	0.497232	0.497232	0.497232	0.497232	0.497232	0.497232	0.497232	0.497232	0.497232	0.497232	0.497232	0.497232	0.497232	0.497232	0.497232	0.497232	0.497232	0.497232	0.497232	0.497232	0.497232	0.493214	0.488214	0.483214	0.478214	0.473214	0.468214	0.463214	0.458214	0.453214	0.448214	0.443214	0.438214	0.433214	0.428214	0.423214	0.418214	0.413214	0.408214	0.403214	0.398214	0.393214	0.388214	0.383214	0.378214	0.373214	0.368214	0.363214	0.358214	0.353214	0.348214	0.343214	0.338214	0.333214	0.328214	0.323214	0.318214	0.313214	0.308214	0.303214	0.298214	0.293214	0.288214	0.283214	0.278214	0.273214	0.268214	0.263214	0.258214	0.253214	0.248214	0.243214	0.238214	0.233214	0.228214	0.223214	0.218214	0.213214	0.208214	0.203214	0.198214	0.193214	0.188214	0.183214	0.178214	0.173214	0.168214	0.163214
0.503222	0.503222	0.503222	0.503222	0.503222	0.503222	0.503222	0.503222	0.503222	0.503222	0.503222	0.503222	0.503222	0.503222	0.503222	0.503222	0.503222	0.503222	0.503222	0.503222	0.503222	0.503222	0.503222	0.503222	0.503222	0.503222	0.503222	0.503222	0.503222	0.503222	0.503222	0.503222	0.503222	0.503222	0.501204	0.496204	0.491204	0.486204	0.481204	0.476204	0.471204	0.466204	0.461204	0.456204	0.451204	0.446204	0.441204	0.436204	0.431204	0.426204	0.421204	0.416204	0.411204	0.406204	0.401204	0.396204	0.391204	0.386204	0.381204	0.376204	0.371204	0.366204	0.361204	0.356204	0.351204	0.346204	0.341204	0.336204	0.331204	0.326204	0.321204	0.316204	0.311204	0.306204	0.301204	0.296204	0.291204	0.286204	0.281204	0.276204	0.271204	0.266204	0.261204	0.256204	0.251204	0.246204	0.241204	0.236204	0.231204	0.226204	0.221204	0.216204	0.211204	0.206204	0.201204	0.196204	0.191204	0.186204	0.181204	0.176204	0.171204
0.509213	0.509213	0.509213	0.509213	0.509213	0.509213	0.509213	0.509213	0.509213	0.509213	0.509213	0.509213	0.509213	0.509213	0.509213	0.509213	0.509213	0.509213	0.509213	0.509213	0.509213	0.509213	0.509213	0.509213	0.509213	0.509213	0.509213	0.509213	0.509213	0.509213	0.509213	0.509213	0.509213	0.509213	0.509195	0.504195	0.499195	0.494195	0.489195	0.484195	0.479195	0.474195	0.469195	0.464195	0.459195	0.454195	0.449195	0.444195	0.439195	0.434195	0.429195	0.424195	0.419195	0.414195	0.409195	0.404195	0.399195	0.394195	0.389195	0.384195	0.379195	0.374195	0.369195	0.364195	0.359195	0.354195	0.349195	0.344195	0.339195	0.334195	0.329195	0.324195	0.319195	0.314195	0.309195	0.304195	0.299195	0.294195	0.289195	0.284195	0.279195	0.274195	0.269195	0.264195	0.259195	0.254195	0.249195	0.244195	0.239195	0.234195	0.229195	0.224195	0.219195	0.214195	0.209195	0.204195	0.199195	0.194195	0.189195	0.184195	0.179195
0.515204	0.515204	0.515204	0.515204	0.515204	0.515204	0.515204	0.515204	0.515204	0.515204	0.515204	0.515204	0.515204	0.515204	0.515204	0.515204	0.515204	0.515204	0.515204	0.515204	0.515204	0.515204	0.515204	0.515204	0.515204	0.515204	0.515204	0.515204	0.515204	0.515204	0.515204	0.515204	0.515204	0.515204	0.515204	0.512185	0.507185	0.502185	0.497185	0.492185	0.487185	0.482185	0.477185	0.472185	0.467185	0.462185	0.457185	0.452185	0.447185	0.442185	0.437185	0.432185	0.427185	0.422185	0.417185	0.412185	0.407185	0.402185	0.397185	0.392185	0.387185	0.382185	0.377185	0.372185	0.367185	0.362185	0.357185	0.352185	0.347185	0.342185	0.337185	0.332185	0.327185	0.322185	0.317185	0.312185	0.307185	0.302185	0.297185	0.292185	0.287185	0.282185	0.277185	0.272185	0.267185	0.262185	0.257185	0.252185	0.247185	0.242185	0.237185	0.232185	0.227185	0.222185	0.217185	0.212185	0.207185	0.202185	0.197185	0.192185	0.187185
0.521195	0.521195	0.521195	0.521195	0.521195	0.521195	0.521195	0.521195	0.521195	0.521195	0.521195	0.521195	0.521195	0.521195	0.521195	0.521195	0.521195	0.521195	0.521195	0.521195	0.521195	0.521195	0.521195	0.521195	0.521195	0.521195	0.521195	0.521195	0.521195	0.521195	0.521195	0.521195	0.521195	0.521195	0.521195	0.520176	0.515176	0.510176	0.505176	0.500176	0.495176	0.490176	0.485176	0.480176	0.475176	0.470176	0.465176	0.460176	0.455176	0.450176	0.445176	0.440176	0.435176	0.430176	0.425176	0.420176	0.415176	0.410176	0.405176	0.400176	0.395176	0.390176	0.385176	0.380176	0.375176	0.370176	0.365176	0.360176	0.355176	0.350176	0.345176	0.340176	0.335176	0.330176	0.325176	0.320176	0.315176	0.310176	0.305176	0.300176	0.295176	0.290176	0.285176	0.280176	0.275176	0.270176	0.265176	0.260176	0.255176	0.250176	0.245176	0.240176	0.235176	0.230176	0.225176	0.220176	0.215176	0.210176	0.205176	0.200176	0.195176
0.527185	0.527185	0.527185	0.527185	0.527185	0.527185	0.527185	0.527185	0.527185	0.527185	0.527185	0.527185	0.527185	0.527185	0.527185	0.527185	0.527185	0.527185	0.527185	0.527185	0.527185	0.527185	0.527185	0.527185	0.527185	0.527185	0.527185	0.527185	0.527185	0.527185	0.527185	0.527185	0.527185	0.527185	0.527185	0.527185	0.523166	0.518166	0.513166	0.508166	0.503166	0.498166	0.493166	0.488166	0.483166	0.478166	0.473166	0.468166	0.463166	0.458166	0.453166	0.448166	0.443166	0.438166	0.433166	0.428166	0.423166	0.418166	0.413166	0.408166	0.403166	0.398166	0.393166	0.388166	0.383166	0.378166	0.373166	0.368166	0.363166	0.358166	0.353166	0.348166	0.343166	0.338166	0.333166	0.328166	0.323166	0.318166	0.313166	0.308166	0.303166	0.298166	0.293166	0.288166	0.283166	0.278166	0.273166	0.268166	0.263166	0.258166	0.253166	0.248166	0.243166	0.238166	0.233166	0.228166	0.223166	0.218166	0.213166	0.208166	0.203166
0.533176	0.533176	0.533176	0.533176	0.533176	0.533176	0.533176	0.533176	0.533176	0.533176	0.533176	0.533176	0.533176	0.533176	0.533176	0.533176	0.533176	0.533176	0.533176	0.533176	0.533176	0.533176	0.533176	0.533176	0.533176	0.533176	0.533176	0.533176	0.533176	0.533176	0.533176	0.533176	0.533176	0.533176	0.533176	0.533176	0.531157	0.526157	0.521157	0.516157	0.511157	0.506157	0.501157	0.496157	0.491157	0.486157	0.481157	0.476157	0.471157	0.466157	0.461157	0.456157	0.451157	0.446157	0.441157	0.436157	0.431157	0.426157	0.421157	0.416157	0.411157	0.406157	0.401157	0.396157	0.391157	0.386157	0.381157	0.376157	0.371157	0.366157	0.361157	0.356157	0.351157	0.346157	0.341157	0.336157	0.331157	0.326157	0.321157	0.316157	0.311157	0.306157	0.301157	0.296157	0.291157	0.286157	0.281157	0.276157	0.271157	0.266157	0.261157	0.256157	0.251157	0.246157	0.241157	0.236157	0.231157	0.226157	0.221157	0.216157	0.211157
0.539167	0.539167	0.539167	0.539167	0.539167	0.539167	0.539167	0.539167	0.539167	0.539167	0.539167	0.539167	0.539167	0.539167	0.539167	0.539167	0.539167	0.539167	0.539167	0.539167	0.539167	0.539167	0.539167	0.539167	0.539167	0.539167	0.539167	0.539167	0.539167	0.539167	0.539167	0.539167	0.539167	0.539167	0.539167	0.539167	0.539147	0.534147	0.529147	0.524147	0.519147	0.514147	0.509147	0.504147	0.499147	0.494147	0.489147	0.484147	0.479147	0.474147	0.469147	0.464147	0.459147	0.454147	0.449147	0.444147	0.439147	0.434147	0.429147	0.424147	0.419147	0.414147	0.409147	0.404147	0.399147	0.394147	0.389147	0.384147	0.379147	0.374147	0.369147	0.364147	0.359147	0.354147	0.349147	0.344147	0.339147	0.334147	0.329147	0.324147	0.319147	0.314147	0.309147	0.304147	0.299147	0.294147	0.289147	0.284147	0.279147	0.274147	0.269147	0.264147	0.259147	0.254147	0.249147	0.244147	0.239147	0.234147	0.229147	0.224147	0.219147
0.545158	0.545158	0.545158	0.545158	0.545158	0.545158	0.545158	0.545158	0.545158	0.545158	0.545158	0.545158	0.545158	0.545158	0.545158	0.545158	0.545158	0.545158	0.545158	0.545158	0.545158	0.545158	0.545158	0.545158	0.545158	0.545158	0.545158	0.545158	0.545158	0.545158	0.545158	0.545158	0.545158	0.545158	0.545158	0.545158	0.545158	0.542138	0.537138	0.532138	0.527138	0.522138	0.517138	0.512138	0.507138	0.502138	0.497138	0.492138	0.487138	0.482138	0.477138	0.472138	0.467138	0.462138	0.457138	0.452138	0.447138	0.442138	0.437138	0.432138	0.427138	0.422138	0.417138	0.412138	0.407138	0.402138	0.397138	0.392138	0.387138	0.382138	0.377138	0.372138	0.367138	0.362138	0.357138	0.352138	0.347138	0.342138	0.337138	0.332138	0.327138	0.322138	0.317138	0.312138	0.307138	0.302138	0.297138	0.292138	0.287138	0.282138	0.277138	0.272138	0.267138	0.262138	0.257138	0.252138	0.247138	0.242138	0.237138	0.232138	0.227138
0.551148	0.551148	0.551148	0.551148	0.551148	0.551148	0.551148	0.551148	0.551148	0.551148	0.551148	0.551148	0.551148	0.551148	0.551148	0.551148	0.551148	0.551148	0.551148	0.551148	0.551148	0.551148	0.551148	0.551148	0.551148	0.551148	0.551148	0.551148	0.551148	0.551148	0.551148	0.551148	0.551148	0.551148	0.551148	0.551148	0.551148	0.550128	0.545128	0.540128	0.535128	0.530128	0.525128	0.520128	0.515128	0.510128	0.505128	0.500128	0.495128	0.490128	0.485128	0.480128	0.475128	0.470128	0.465128	0.460128	0.455128	0.450128	0.445128	0.440128	0.435128	0.430128	0.425128	0.420128	0.415128	0.410128	0.405128	0.400128	0.395128	0.390128	0.385128	0.380128	0.375128	0.370128	0.365128	0.360128	0.355128	0.350128	0.345128	0.340128	0.335128	0.330128	0.325128	0.320128	0.315128	0.310128	0.305128	0.300128	0.295128	0.290128	0.285128	0.280128	0.275128	0.270128	0.265128	0.260128	0.255128	0.250128	0.245128	0.240128	0.235128
0.557139	0.557139	0.557139	0.557139	0.557139	0.557139	0.557139	0.557139	0.557139	0.557139	0.557139	0.557139	0.557139	0.557139	0.557139	0.557139	0.557139	0.557139	0.557139	0.557139	0.557139	0.557139	0.557139	0.557139	0.557139	0.557139	0.557139	0.557139	0.557139	0.557139	0.557139	0.557139	0.557139	0.557139	0.557139	0.557139	0.557139	0.557139	0.553119	0.548119	0.543119	0.538119	0.533119	0.528119	0.523119	0.518119	0.513119	0.508119	0.503119	0.498119	0.493119	0.488119	0.483119	0.478119	0.473119	0.468119	0.463119	0.458119	0.453119	0.448119	0.443119	0.438119	0.433119	0.428119	0.423119	0.418119	0.413119	0.408119	0.403119	0.398119	0.393119	0.388119	0.383119	0.378119	0.373119	0.368119	0.363119	0.358119	0.353119	0.348119	0.343119	0.338119	0.333119	0.328119	0.323119	0.318119	0.313119	0.308119	0.303119	0.298119	0.293119	0.288119	0.283119	0.278119	0.273119	0.268119	0.263119	0.258119	0.253119	0.248119	0.243119
0.56313	0.56313	0.56313	0.56313	0.56313	0.56313	0.56313	0.56313	0.56313	0.56313	0.56313	0.56313	0.56313	0.56313	0.56313	0.56313	0.56313	0.56313	0.56313	0.56313	0.56313	0.56313	0.56313	0.56313	0.56313	0.56313	0.56313	0.56313	0.56313	0.56313	0.56313	0.56313	0.56313	0.56313	0.56313	0.56313	0.56313	0.56313	0.561109	0.556109	0.551109	0.546109	0.541109	0.536109	0.531109	0.526109	0.521109	0.516109	0.511109	0.506109	0.501109	0.496109	0.491109	0.486109	0.481109	0.476109	0.471109	0.466109	0.461109	0.456109	0.451109	0.446109	0.441109	0.436109	0.431109	0.426109	0.421109	0.416109	0.411109	0.406109	0.401109	0.396109	0.391109	0.386109	0.381109	0.376109	0.371109	0.366109	0.361109	0.356109	0.351109	0.346109	0.341109	0.336109	0.331109	0.326109	0.321109	0.316109	0.311109	0.306109	0.301109	0.296109	0.291109	0.286109	0.281109	0.276109	0.271109	0.266109	0.261109	0.256109	0.251109
0.569121	0.569121	0.569121	0.569121	0.569121	0.569121	0.569121	0.569121	0.569121	0.569121	0.569121	0.569121	0.569121	0.569121	0.569121	0.569121	0.569121	0.569121	0.569121	0.569121	0.569121	0.569121	0.569121	0.569121	0.569121	0.569121	0.569121	0.569121	0.569121	0.569121	0.569121	0.569121	0.569121	0.569121	0.569121	0.569121	0.569121	0.569121	0.5691	0.5641	0.5591	0.5541	0.5491	0.5441	0.5391	0.5341	0.5291	0.5241	0.5191	0.5141	0.5091	0.5041	0.4991	0.4941	0.4891	0.4841	0.4791	0.4741	0.4691	0.4641	0.4591	0.4541	0.4491	0.4441	0.4391	0.4341	0.4291	0.4241	0.4191	0.4141	0.4091	0.4041	0.3991	0.3941	0.3891	0.3841	0.3791	0.3741	0.3691	0.3641	0.3591	0.3541	0.3491	0.3441	0.3391	0.3341	0.3291	0.3241	0.3191	0.3141	0.3091	0.3041	0.2991	0.2941	0.2891	0.2841	0.2791	0.2741	0.2691	0.2641	0.2591
0.575111	0.575111	0.575111	0.575111	0.575111	0.575111	0.575111	0.575111	0.575111	0.575111	0.575111	0.575111	0.575111	0.575111	0.575111	0.575111	0.575111	0.575111	0.575111	0.575111	0.575111	0.575111	0.575111	0.575111	0.575111	0.575111	0.575111	0.575111	0.575111	0.575111	0.575111	0.575111	0.575111	0.575111	0.575111	0.575111	0.575111	0.575111	0.575111	0.57209	0.56709	0.56209	0.55709	0.55209	0.54709	0.54209	0.53709	0.53209	0.52709	0.52209	0.51709	0.51209	0.50709	0.50209	0.49709	0.49209	0.48709	0.48209	0.47709	0.47209	0.46709	0.46209	0.45709	0.45209	0.44709	0.44209	0.43709	0.43209	0.42709	0.42209	0.41709	0.41209	0.40709	0.40209	0.39709	0.39209	0.38709	0.38209	0.37709	0.37209	0.36709	0.36209	0.35709	0.35209	0.34709	0.34209	0.33709	0.33209	0.32709	0.32209	0.31709	0.31209	0.30709	0.30209	0.29709	0.29209	0.28709	0.28209	0.27709	0.27209	0.26709
0.581102	0.581102	0.581102	0.581102	0.581102	0.581102	0.581102	0.581102	0.581102	0.581102	0.581102	0.581102	0.581102	0.581102	0.581102	0.581102	0.581102	0.581102	0.581102	0.581102	0.581102	0.581102	0.581102	0.581102	0.581102	0.581102	0.581102	0.581102	0.581102	0.581102	0.581102	0.581102	0.581102	0.581102	0.581102	0.581102	0.581102	0.581102	0.581102	0.580081	0.575081	0.570081	0.565081	0.560081	0.555081	0.550081	0.545081	0.540081	0.535081	0.530081	0.525081	0.520081	0.515081	0.510081	0.505081	0.500081	0.495081	0.490081	0.485081	0.480081	0.475081	0.470081	0.465081	0.460081	0.455081	0.450081	0.445081	0.440081	0.435081	0.430081	0.425081	0.420081	0.415081	0.410081	0.405081	0.400081	0.395081	0.390081	0.385081	0.380081	0.375081	0.370081	0.365081	0.360081	0.355081	0.350081	0.345081	0.340081	0.335081	0.330081	0.325081	0.320081	0.315081	0.310081	0.305081	0.300081	0.295081	0.290081	0.285081	0.280081	0.275081
0.587093	0.587093	0.587093	0.587093	0.587093	0.587093	0.587093	0.587093	0.587093	0.587093	0.587093	0.587093	0.587093	0.587093	0.587093	0.587093	0.587093	0.587093	0.587093	0.587093	0.587093	0.587093	0.587093	0.587093	0.587093	0.587093	0.587093	0.587093	0.587093	0.587093	0.587093	0.587093	0.587093	0.587093	0.587093	0.587093	0.587093	0.587093	0.587093	0.587093	0.583071	0.578071	0.573071	0.568071	0.563071	0.558071	0.553071	0.548071	0.543071	0.538071	0.533071	0.528071	0.523071	0.518071	0.513071	0.508071	0.503071	0.498071	0.493071	0.488071	0.483071	0.478071	0.473071	0.468071	0.463071	0.458071	0.453071	0.448071	0.443071	0.438071	0.433071	0.428071	0.423071	0.418071	0.413071	0.408071	0.403071	0.398071	0.393071	0.388071	0.383071	0.378071	0.373071	0.368071	0.363071	0.358071	0.353071	0.348071	0.343071	0.338071	0.333071	0.328071	0.323071	0.318071	0.313071	0.308071	0.303071	0.298071	0.293071	0.288071	0.283071
0.593084	0.593084	0.593084	0.593084	0.593084	0.593084	0.593084	0.593084	0.593084	0.593084	0.593084	0.593084	0.593084	0.593084	0.593084	0.593084	0.593084	0.593084	0.593084	0.593084	0.593084	0.593084	0.593084	0.593084	0.593084	0.593084	0.593084	0.593084	0.593084	0.593084	0.593084	0.593084	0.593084	0.593084	0.593084	0.593084	0.593084	0.593084	0.593084	0.593084	0.591062	0.586062	0.581062	0.576062	0.571062	0.566062	0.561062	0.556062	0.551062	0.546062	0.541062	0.536062	0.531062	0.526062	0.521062	0.516062	0.511062	0.506062	0.501062	0.496062	0.491062	0.486062	0.481062	0.476062	0.471062	0.466062	0.461062	0.456062	0.451062	0.446062	0.441062	0.436062	0.431062	0.426062	0.421062	0.416062	0.411062	0.406062	0.401062	0.396062	0.391062	0.386062	0.381062	0.376062	0.371062	0.366062	0.361062	0.356062	0.351062	0.346062	0.341062	0.336062	0.331062	0.326062	0.321062	0.316062	0.311062	0.306062	0.301062	0.296062	0.291062
0.599074	0.599074	0.599074	0.599074	0.599074	0.599074	0.599074	0.599074	0.599074	0.599074	0.599074	0.599074	0.599074	0.599074	0.599074	0.599074	0.599074	0.599074	0.599074	0.599074	0.599074	0.599074	0.599074	0.599074	0.599074	0.599074	0.599074	0.599074	0.599074	0.599074	0.599074	0.599074	0.599074	0.599074	0.599074	0.599074	0.599074	0.599074	0.599074	0.599074	0.599052	0.594052	0.589052	0.584052	0.579052	0.574052	0.569052	0.564052	0.559052	0.554052	0.549052	0.544052	0.539052	0.534052	0.529052	0.524052	0.519052	0.514052	0.509052	0.504052	0.499052	0.494052	0.489052	0.484052	0.479052	0.474052	0.469052	0.464052	0.459052	0.454052	0.449052	0.444052	0.439052	0.434052	0.429052	0.424052	0.419052	0.414052	0.409052	0.404052	0.399052	0.394052	0.389052	0.384052	0.379052	0.374052	0.369052	0.364052	0.359052	0.354052	0.349052	0.344052	0.339052	0.334052	0.329052	0.324052	0.319052	0.314052	0.309052	0.304052	0.299052
